9.999961008995609246e-01,-2.792523173594369662e-03,0.000000000000000000e+00,6.311612540501942981e-03,2.792523173594369662e-03,9.999961008995609246e-01,0.000000000000000000e+00,4.101170467230019767e-06,0.000000000000000000e+00,0.000000000000000000e+00,1.000000000000000000e+00,0.000000000000000000e+00
9.999897039488799821e-01,-4.537840481052347712e-03,0.000000000000000000e+00,5.757218521947191775e-03,4.537840481052347712e-03,9.999897039488798711e-01,0.000000000000000000e+00,1.883122434243536033e-06,0.000000000000000000e+00,0.000000000000000000e+00,1.000000000000000000e+00,0.000000000000000000e+00
9.999862922474267446e-01,-5.235963831438623407e-03,0.000000000000000000e+00,5.757218521946859575e-03,5.235963831438623407e-03,9.999862922474266336e-01,0.000000000000000000e+00,1.883122434131003471e-06,0.000000000000000000e+00,0.000000000000000000e+00,1.000000000000000000e+00,0.000000000000000000e+00
9.999853631686891342e-01,-5.410494282891625990e-03,0.000000000000000000e+00,5.757218521947412085e-03,5.410494282891625990e-03,9.999853631686890232e-01,0.000000000000000000e+00,1.883122434577993133e-06,0.000000000000000000e+00,0.000000000000000000e+00,1.000000000000000000e+00,0.000000000000000000e+00
9.999853631686891342e-01,-5.410494282891709257e-03,0.000000000000000000e+00,1.697296398096530268e-02,5.410494282891709257e-03,9.999853631686890232e-01,0.000000000000000000e+00,6.256673457474179717e-05,0.000000000000000000e+00,0.000000000000000000e+00,1.000000000000000000e+00,0.000000000000000000e+00
9.999834136273407781e-01,-5.759554688584478561e-03,0.000000000000000000e+00,3.343408834618732256e-02,5.759554688584478561e-03,9.999834136273406671e-01,0.000000000000000000e+00,1.529929733077420621e-04,0.000000000000000000e+00,0.000000000000000000e+00,1.000000000000000000e+00,0.000000000000000000e+00
9.999705131786754686e-01,-7.679373228096064360e-03,0.000000000000000000e+00,3.658984279855022337e-02,7.679373228096064360e-03,9.999705131786754686e-01,0.000000000000000000e+00,1.712583339292713660e-04,0.000000000000000000e+00,0.000000000000000000e+00,1.000000000000000000e+00,0.000000000000000000e+00
9.999663551946508244e-01,-8.202955487227254691e-03,0.000000000000000000e+00,3.582223664124043611e-02,8.202955487227254691e-03,9.999663551946508244e-01,0.000000000000000000e+00,1.653634254312815344e-04,0.000000000000000000e+00,0.000000000000000000e+00,1.000000000000000000e+00,0.000000000000000000e+00
9.999677716501034208e-01,-8.028428309862440174e-03,0.000000000000000000e+00,3.846619556998253503e-02,8.028428309862438439e-03,9.999677716501034208e-01,0.000000000000000000e+00,1.878712050567316223e-04,0.000000000000000000e+00,0.000000000000000000e+00,1.000000000000000000e+00,0.000000000000000000e+00
9.999663551946507134e-01,-8.202955487227131526e-03,0.000000000000000000e+00,5.710188606088939522e-02,8.202955487227131526e-03,9.999663551946508244e-01,0.000000000000000000e+00,3.411981356710008231e-04,0.000000000000000000e+00,0.000000000000000000e+00,1.000000000000000000e+00,0.000000000000000000e+00
9.999619230641654255e-01,-8.726535499030315876e-03,0.000000000000000000e+00,8.469295398321134705e-02,8.726535499030315876e-03,9.999619230641655365e-01,0.000000000000000000e+00,5.668120433588060003e-04,0.000000000000000000e+00,0.000000000000000000e+00,1.000000000000000000e+00,0.000000000000000000e+00
9.999539269690489451e-01,-9.599163462381937392e-03,0.000000000000000000e+00,8.635609302976891832e-02,9.599163462381937392e-03,9.999539269690490562e-01,0.000000000000000000e+00,5.806263556161469835e-04,0.000000000000000000e+00,0.000000000000000000e+00,1.000000000000000000e+00,0.000000000000000000e+00
9.999572167884701601e-01,-9.250113115855350399e-03,0.000000000000000000e+00,8.533263463086514233e-02,9.250113115855350399e-03,9.999572167884701601e-01,0.000000000000000000e+00,5.708536623685443083e-04,0.000000000000000000e+00,0.000000000000000000e+00,1.000000000000000000e+00,0.000000000000000000e+00
9.999555871089526038e-01,-9.424638432833918819e-03,0.000000000000000000e+00,8.533263463086536438e-02,9.424638432833920554e-03,9.999555871089526038e-01,0.000000000000000000e+00,5.708536623684353460e-04,0.000000000000000000e+00,0.000000000000000000e+00,1.000000000000000000e+00,0.000000000000000000e+00
9.999572167884702711e-01,-9.250113115854703347e-03,0.000000000000000000e+00,8.533263463086547540e-02,9.250113115854706816e-03,9.999572167884702711e-01,0.000000000000000000e+00,5.708536623681033633e-04,0.000000000000000000e+00,0.000000000000000000e+00,1.000000000000000000e+00,0.000000000000000000e+00
9.999572167884702711e-01,-9.250113115854212420e-03,0.000000000000000000e+00,8.533263463086569744e-02,9.250113115854215889e-03,9.999572167884702711e-01,0.000000000000000000e+00,5.708536623679944010e-04,0.000000000000000000e+00,0.000000000000000000e+00,1.000000000000000000e+00,0.000000000000000000e+00
9.999572167884702711e-01,-9.250113115853721493e-03,0.000000000000000000e+00,8.533263463086591949e-02,9.250113115853724963e-03,9.999572167884702711e-01,0.000000000000000000e+00,5.708536623678854387e-04,0.000000000000000000e+00,0.000000000000000000e+00,1.000000000000000000e+00,0.000000000000000000e+00
9.999572167884702711e-01,-9.250113115853230566e-03,0.000000000000000000e+00,8.533263463086614153e-02,9.250113115853234036e-03,9.999572167884702711e-01,0.000000000000000000e+00,5.708536623677764764e-04,0.000000000000000000e+00,0.000000000000000000e+00,1.000000000000000000e+00,0.000000000000000000e+00
9.999572167884702711e-01,-9.250113115852739640e-03,0.000000000000000000e+00,8.533263463086636358e-02,9.250113115852743109e-03,9.999572167884702711e-01,0.000000000000000000e+00,5.708536623676675140e-04,0.000000000000000000e+00,0.000000000000000000e+00,1.000000000000000000e+00,0.000000000000000000e+00
9.999572167884702711e-01,-9.250113115852248713e-03,0.000000000000000000e+00,8.533263463086658562e-02,9.250113115852252182e-03,9.999572167884702711e-01,0.000000000000000000e+00,5.708536623675585517e-04,0.000000000000000000e+00,0.000000000000000000e+00,1.000000000000000000e+00,0.000000000000000000e+00
9.999572167884702711e-01,-9.250113115851757786e-03,0.000000000000000000e+00,8.533263463086680767e-02,9.250113115851761256e-03,9.999572167884702711e-01,0.000000000000000000e+00,5.708536623674495894e-04,0.000000000000000000e+00,0.000000000000000000e+00,1.000000000000000000e+00,0.000000000000000000e+00
9.999572167884702711e-01,-9.250113115851266860e-03,0.000000000000000000e+00,8.533263463086702971e-02,9.250113115851270329e-03,9.999572167884702711e-01,0.000000000000000000e+00,5.708536623673406271e-04,0.000000000000000000e+00,0.000000000000000000e+00,1.000000000000000000e+00,0.000000000000000000e+00
9.999572167884702711e-01,-9.250113115850775933e-03,0.000000000000000000e+00,8.533263463086725176e-02,9.250113115850779402e-03,9.999572167884702711e-01,0.000000000000000000e+00,5.708536623672316648e-04,0.000000000000000000e+00,0.000000000000000000e+00,1.000000000000000000e+00,0.000000000000000000e+00
9.999572167884702711e-01,-9.250113115850285006e-03,0.000000000000000000e+00,8.533263463086747380e-02,9.250113115850288475e-03,9.999572167884702711e-01,0.000000000000000000e+00,5.708536623671227024e-04,0.000000000000000000e+00,0.000000000000000000e+00,1.000000000000000000e+00,0.000000000000000000e+00
9.999588160075346677e-01,-9.075587518674410256e-03,0.000000000000000000e+00,9.833912529476819542e-02,9.075587518674413726e-03,9.999588160075346677e-01,0.000000000000000000e+00,6.907683763097652741e-04,0.000000000000000000e+00,0.000000000000000000e+00,1.000000000000000000e+00,0.000000000000000000e+00
9.999433264643841079e-01,-1.064630731013251237e-02,0.000000000000000000e+00,1.046931276826890134e-01,1.064630731013251584e-02,9.999433264643841079e-01,0.000000000000000000e+00,7.480202211590145610e-04,0.000000000000000000e+00,0.000000000000000000e+00,1.000000000000000000e+00,-7.939549119006421372e-23
9.999522363688130300e-01,-9.773688198881760880e-03,0.000000000000000000e+00,1.034990996240635758e-01,9.773688198881764350e-03,9.999522363688130300e-01,0.000000000000000000e+00,7.359327711431402430e-04,0.000000000000000000e+00,0.000000000000000000e+00,1.000000000000000000e+00,-7.939549119006421372e-23
9.999539269690489451e-01,-9.599163462376393216e-03,0.000000000000000000e+00,1.034990996240634648e-01,9.599163462376396685e-03,9.999539269690489451e-01,0.000000000000000000e+00,7.359327711431391588e-04,0.000000000000000000e+00,0.000000000000000000e+00,1.000000000000000000e+00,-7.939549121471611701e-23
9.999522363688130300e-01,-9.773688198881375772e-03,0.000000000000000000e+00,1.034990996240636868e-01,9.773688198881380976e-03,9.999522363688130300e-01,0.000000000000000000e+00,7.359327711428082603e-04,0.000000000000000000e+00,0.000000000000000000e+00,1.000000000000000000e+00,-7.939549121471611701e-23
9.999588160075345566e-01,-9.075587518674195150e-03,0.000000000000000000e+00,1.212390495386852785e-01,9.075587518674200355e-03,9.999588160075345566e-01,0.000000000000000000e+00,9.048150346743612585e-04,0.000000000000000000e+00,0.000000000000000000e+00,1.000000000000000000e+00,-9.383375400856464588e-22
9.999487637875221768e-01,-1.012273677447957793e-02,0.000000000000000000e+00,1.587231336222986733e-01,1.012273677447958313e-02,9.999487637875222878e-01,0.000000000000000000e+00,1.270743674644167530e-03,0.000000000000000000e+00,0.000000000000000000e+00,1.000000000000000000e+00,3.961460813439742915e-21
9.999376150010971243e-01,-1.116987492843497624e-02,0.000000000000000000e+00,1.970600455641879634e-01,1.116987492843498145e-02,9.999376150010972353e-01,0.000000000000000000e+00,1.650464067138663910e-03,0.000000000000000000e+00,0.000000000000000000e+00,1.000000000000000000e+00,2.367083809009368890e-21
9.999143275740064452e-01,-1.308959557136152481e-02,0.000000000000000000e+00,2.408972187192273962e-01,1.308959557136153001e-02,9.999143275740065562e-01,0.000000000000000000e+00,2.159674927598536926e-03,0.000000000000000000e+00,0.000000000000000000e+00,1.000000000000000000e+00,2.367083809009368890e-21
9.999802608561362272e-01,-6.283143965634703856e-03,0.000000000000000000e+00,2.713444585249495389e-01,6.283143965634707326e-03,9.999802608561364492e-01,0.000000000000000000e+00,2.508965962803504177e-03,0.000000000000000000e+00,0.000000000000000000e+00,1.000000000000000000e+00,-7.007259463782439236e-21
9.998415422032137512e-01,1.780141805302189878e-02,0.000000000000000000e+00,3.152688222770778648e-01,-1.780141805302189878e-02,9.998415422032138622e-01,0.000000000000000000e+00,2.408388894974641727e-03,0.000000000000000000e+00,0.000000000000000000e+00,1.000000000000000000e+00,-7.007259463782439236e-21
9.991943951144264258e-01,4.013179253304169358e-02,0.000000000000000000e+00,3.457506562548200435e-01,-4.013179253304169358e-02,9.991943951144264258e-01,0.000000000000000000e+00,1.647704346920238682e-03,0.000000000000000000e+00,0.000000000000000000e+00,1.000000000000000000e+00,-7.007259463782439236e-21
9.976723927324269159e-01,6.818941838404043998e-02,0.000000000000000000e+00,3.812293949585634500e-01,-6.818941838404043998e-02,9.976723927324269159e-01,0.000000000000000000e+00,-1.256560647126671142e-04,0.000000000000000000e+00,0.000000000000000000e+00,1.000000000000000000e+00,-7.007259463782439236e-21
9.953626812457284645e-01,9.619320549453465319e-02,0.000000000000000000e+00,4.214477658063391918e-01,-9.619320549453465319e-02,9.953626812457285755e-01,0.000000000000000000e+00,-3.278957503791253385e-03,0.000000000000000000e+00,0.000000000000000000e+00,1.000000000000000000e+00,-7.007259463782439236e-21
9.917608370003940799e-01,1.281032481722345351e-01,0.000000000000000000e+00,4.661394332788273420e-01,-1.281032481722345351e-01,9.917608370003941909e-01,0.000000000000000000e+00,-8.065028677535173926e-03,0.000000000000000000e+00,0.000000000000000000e+00,1.000000000000000000e+00,-7.007259463782439236e-21
9.872476426302558838e-01,1.591919976663458136e-01,-2.844463513001706253e-17,4.976892590989039356e-01,-1.591919976663458414e-01,9.872476426302559949e-01,-2.202151432318709496e-16,-1.246624604186040083e-02,-6.974589589874904026e-18,2.219350393163865935e-16,1.000000000000000000e+00,-7.087383898865951797e-20
9.806146585464075027e-01,1.959461442435440071e-01,-2.844463513001706253e-17,5.381504715954872342e-01,-1.959461442435440626e-01,9.806146585464076137e-01,-2.202151432318709496e-16,-1.948835827710187346e-02,-1.525708205482606538e-17,2.215198140652107798e-16,1.000000000000000000e+00,-4.663448642792348184e-19
9.737380845862272372e-01,2.276711282230240163e-01,-2.844463513001706253e-17,5.696209009818481439e-01,-2.276711282230240718e-01,9.737380845862273482e-01,-2.202151432318709496e-16,-2.608135402525284946e-02,-2.243900558313797856e-17,2.209078939394270579e-16,1.000000000000000000e+00,-1.082944975147782490e-18
9.591660094045981744e-01,2.828437137411002888e-01,-2.844463513001706253e-17,6.184036126299343739e-01,-2.828437137411003444e-01,9.591660094045982854e-01,-2.202151432318709496e-16,-3.840786197825314663e-02,-3.500334176710241357e-17,2.192682663803603767e-16,1.000000000000000000e+00,-2.409822256083895979e-18
9.469301294951222303e-01,3.214394653031117377e-01,-2.844463513001706253e-17,6.577626304638239940e-01,-3.214394653031117932e-01,9.469301294951223413e-01,-2.202151432318709496e-16,-5.056426618113830929e-02,-4.385075586499222542e-17,2.176715824042773557e-16,1.000000000000000000e+00,-4.074878949495456247e-18
9.303535872799085782e-01,3.666636096415961110e-01,4.292926395052570462e-17,6.862004631329163828e-01,-3.666636096415961665e-01,9.303535872799088002e-01,-9.954416736517723753e-18,-6.057742756427265951e-02,-4.358931708814599154e-17,-6.479471559258181303e-18,1.000000000000000000e+00,-5.471024943525414414e-18
9.037092653685936394e-01,4.281466614221768330e-01,1.243449402937798258e-16,7.189042959689357914e-01,-4.281466614221769440e-01,9.037092653685937504e-01,1.966255779916353081e-16,-7.431877674643226628e-02,-2.818708987786893859e-17,-2.309302276910177338e-16,1.000000000000000000e+00,-7.011763531817985115e-18
8.814683497038268145e-01,4.722431031475330387e-01,1.243449402937798258e-16,7.649283603942598209e-01,-4.722431031475331498e-01,8.814683497038269255e-01,1.966255779916353081e-16,-9.688175125667294885e-02,-1.675105620583188010e-17,-2.320402642068772948e-16,1.000000000000000000e+00,-8.154986199543648679e-18
8.494325137480165377e-01,5.276972660415488736e-01,1.243449402937798258e-16,8.092590378236477200e-01,-5.276972660415489846e-01,8.494325137480166488e-01,1.966255779916353081e-16,-1.218315056007452379e-01,-1.863855265567166212e-18,-2.326366440197188231e-16,1.000000000000000000e+00,-8.761521769031177395e-18
7.999989281481576509e-01,6.000014291331299265e-01,2.415172712519947592e-16,8.657676513420013986e-01,-6.000014291331301486e-01,7.999989281481577619e-01,3.852374849172899886e-16,-1.592752970018598557e-01,3.792948337516291838e-17,-4.531002829278548392e-16,1.000000000000000000e+00,-8.004891535455254751e-18
7.742822043759557404e-01,6.328404759390078294e-01,2.415172712519947592e-16,8.932471674727412436e-01,-6.328404759390080514e-01,7.742822043759558515e-01,3.852374849172899886e-16,-1.803438473809390041e-01,5.679134812474401285e-17,-4.511244339166112811e-16,1.000000000000000000e+00,-6.525273927787050118e-18
7.395136208708027459e-01,6.731415932376738631e-01,2.415172712519947592e-16,9.290037769383162614e-01,-6.731415932376740852e-01,7.395136208708027459e-01,3.852374849172899886e-16,-2.106357274705375204e-01,8.071406260570050044e-17,-4.474636881313297255e-16,1.000000000000000000e+00,-3.314445815212262427e-18
7.079701471535109203e-01,7.062423597742033543e-01,3.909847303810601786e-16,9.732817119287745511e-01,-7.062423597742035764e-01,7.079701471535109203e-01,5.494424947002267962e-16,-2.526221445433574631e-01,1.112340469146584990e-16,-6.651188624453126675e-16,1.000000000000000000e+00,2.166409863040536530e-18
7.062423597742986114e-01,7.079701471534157742e-01,3.909847303810601786e-16,1.014953848641651835e+00,-7.079701471534159962e-01,7.062423597742987225e-01,5.494424947002267962e-16,-2.942992390935864067e-01,1.128589052052216455e-16,-6.648450811199839333e-16,1.000000000000000000e+00,8.772407527488566811e-18
7.064894449441813107e-01,7.077235789363398588e-01,5.481856820044567366e-16,1.037455439478677910e+00,-7.077235789363400809e-01,7.064894449441814217e-01,7.062598004576328039e-16,-3.168496503809413722e-01,1.125493154330651124e-16,-8.869290272015543707e-16,1.000000000000000000e+00,1.236478333516950010e-17
7.117809049637511265e-01,7.024015541903240178e-01,5.481856820044567366e-16,1.082094135964899895e+00,-7.024015541903242399e-01,7.117809049637512375e-01,7.062598004576328039e-16,-3.613497699155293619e-01,1.058898806782862133e-16,-8.877487149340659343e-16,1.000000000000000000e+00,1.932313460091891182e-17
7.193398003381331618e-01,6.946583704595330477e-01,5.481856820044567366e-16,1.121508605713716467e+00,-6.946583704595332698e-01,7.193398003381332728e-01,7.062598004576328039e-16,-3.999118087759500062e-01,9.627750306566501544e-17,-8.888425564185075882e-16,1.000000000000000000e+00,2.495150449162002324e-17
7.248936321304828567e-01,6.888608147490139499e-01,5.481856820044567366e-16,1.152188520185892129e+00,-6.888608147490142830e-01,7.248936321304829677e-01,7.062598004576328039e-16,-4.294101736516264811e-01,8.913839145758457971e-17,-8.895868675208179380e-16,1.000000000000000000e+00,2.896672394377376251e-17
7.318296480289382400e-01,6.814876127016834539e-01,5.481856820044567366e-16,1.196330333985431205e+00,-6.814876127016836760e-01,7.318296480289382400e-01,7.062598004576328039e-16,-4.710536951626018709e-01,8.012877064521462914e-17,-8.904436129323593482e-16,1.000000000000000000e+00,3.413240402090923579e-17
7.440783833500488331e-01,6.680923285229198871e-01,5.481856820044567366e-16,1.235217164015866453e+00,-6.680923285229201092e-01,7.440783833500489441e-01,7.062598004576328039e-16,-5.069522359356735119e-01,6.395363858835265754e-17,-8.917512993029263227e-16,1.000000000000000000e+00,3.811942900976641274e-17
7.680600363547965825e-01,6.403778420234945701e-01,5.481856820044567366e-16,1.265786083036448240e+00,-6.403778420234949031e-01,7.680600363547966936e-01,7.062598004576328039e-16,-5.338618607918858006e-01,3.123361207548089565e-17,-8.934958920856129183e-16,1.000000000000000000e+00,4.036717156966805948e-17
8.027134020927612079e-01,5.963649839659134200e-01,5.481856820044567366e-16,1.297410538353852782e+00,-5.963649839659137530e-01,8.027134020927613189e-01,7.062598004576328039e-16,-5.593135126592052586e-01,-1.884737920465251120e-17,-8.938429526456328013e-16,1.000000000000000000e+00,4.085455302930389430e-17
8.327280198773989728e-01,5.536822598847331856e-01,5.481856820044567366e-16,1.343737667059116569e+00,-5.536822598847334076e-01,8.327280198773990838e-01,7.062598004576328039e-16,-5.923209002440129600e-01,-6.544605511758990294e-17,-8.916430124027733659e-16,1.000000000000000000e+00,3.877047535397466418e-17
8.444214320592413614e-01,5.356794237965643024e-01,6.711278406545608030e-16,1.395967855027373750e+00,-5.356794237965644134e-01,8.444214320592414724e-01,8.911625646413136248e-16,-6.261315130936326856e-01,-8.933728316422335664e-17,-1.112026144007672492e-15,1.000000000000000000e+00,3.401771082589729780e-17
8.439536421032046709e-01,5.364161164438807639e-01,6.711278406545608030e-16,1.462313656368813941e+00,-5.364161164438808749e-01,8.439536421032047819e-01,8.911625646413136248e-16,-6.681906068149037203e-01,-8.836682339221365170e-17,-1.112103682056357045e-15,1.000000000000000000e+00,2.697268626225739541e-17
8.366687329029488529e-01,5.477092580763750496e-01,6.711278406545608030e-16,1.520293309398776715e+00,-5.477092580763751606e-01,8.366687329029489639e-01,8.911625646413136248e-16,-7.052849315972625766e-01,-7.341369295121020230e-17,-1.113190785448299897e-15,1.000000000000000000e+00,2.111800052904258770e-17
8.195522765266063381e-01,5.730044206112688832e-01,6.711278406545608030e-16,1.564085344495475649e+00,-5.730044206112689942e-01,8.195522765266064491e-01,8.911625646413136248e-16,-7.344658078125947398e-01,-3.938426062608257158e-17,-1.114913528097436867e-15,1.000000000000000000e+00,1.782623021910443310e-17
7.875807488150838864e-01,6.162114605359678698e-01,6.711278406545608030e-16,1.601236791212554689e+00,-6.162114605359679809e-01,7.875807488150841085e-01,8.911625646413136248e-16,-7.611721868478682484e-01,2.057721823923330371e-17,-1.115419146872274431e-15,1.000000000000000000e+00,1.669258524003552961e-17
7.120260459905737305e-01,7.021530529955903877e-01,6.711278406545608030e-16,1.638107553598018740e+00,-7.021530529955904987e-01,7.120260459905739525e-01,8.911625646413136248e-16,-7.920391102877809564e-01,1.478720127428197261e-16,-1.105765419502312443e-15,1.000000000000000000e+00,1.945503675229123135e-17
6.289133921279925765e-01,7.774753662991906733e-01,6.711278406545608030e-16,1.670968804540949426e+00,-7.774753662991907843e-01,6.289133921279927986e-01,8.911625646413136248e-16,-8.270858149726739716e-01,2.707756545590367897e-16,-1.082249435212540513e-15,1.000000000000000000e+00,2.903010797690438681e-17
5.548444274483369520e-01,8.319541221302566569e-01,6.711278406545608030e-16,1.713223788751284671e+00,-8.319541221302568790e-01,5.548444274483371741e-01,8.911625646413136248e-16,-8.830629002427653473e-01,3.690348266488938000e-16,-1.052804156450742135e-15,1.000000000000000000e+00,5.055629453736972773e-17
4.811417792769203672e-01,8.766427939783900669e-01,6.711278406545608030e-16,1.745171326534050715e+00,-8.766427939783904000e-01,4.811417792769205337e-01,8.911625646413136248e-16,-9.339839612035401029e-01,4.583235971812962142e-16,-1.017114927324604247e-15,1.000000000000000000e+00,7.449435577105269900e-17
4.029064357123251505e-01,9.152411726215057275e-01,6.711278406545608030e-16,1.763880767854237641e+00,-9.152411726215060606e-01,4.029064357123253171e-01,8.911625646413136248e-16,-9.698638768017879830e-01,5.452269444732661790e-16,-9.732989644195066920e-16,1.000000000000000000e+00,9.391276642163098947e-17
3.080208810649162077e-01,9.513795966006374227e-01,6.711278406545608030e-16,1.776778620861110047e+00,-9.513795966006377558e-01,3.080208810649163742e-01,8.911625646413136248e-16,-1.001669339390081515e+00,6.411124924684303029e-16,-9.129940126422818503e-16,1.000000000000000000e+00,1.137948413432281115e-16
1.383088761614810480e-01,9.903891431023196246e-01,6.711278406545608030e-16,1.789483440850093698e+00,-9.903891431023199576e-01,1.383088761614811590e-01,8.911625646413136248e-16,-1.052582427805673904e+00,7.897747913583628029e-16,-7.879334198107049783e-16,1.000000000000000000e+00,1.506401213843658608e-16
4.658342676110832636e-02,9.989144029150802684e-01,6.711278406545608030e-16,1.794183962703622903e+00,-9.989144029150806015e-01,4.658342676110839575e-02,8.911625646413136248e-16,-1.095041467926419099e+00,8.589316865464775233e-16,-7.119126722893488725e-16,1.000000000000000000e+00,1.853233773890689055e-16
-5.930637357583302266e-02,9.982398279237723049e-01,6.711278406545608030e-16,1.794342009134404448e+00,-9.982398279237726380e-01,-5.930637357583299490e-02,8.911625646413136248e-16,-1.164648226505903494e+00,9.293961236146547234e-16,-6.170949201944474453e-16,1.000000000000000000e+00,2.472482455213175408e-16
-1.107751242104066530e-01,9.938454969743374390e-01,6.711278406545608030e-16,1.789180036188327216e+00,-9.938454969743377720e-01,-1.107751242104066530e-01,8.911625646413136248e-16,-1.231139808216011655e+00,9.600221718504430277e-16,-5.682787385388408357e-16,1.000000000000000000e+00,3.099673977619731741e-16
-1.433198930554963613e-01,9.896764159332887001e-01,6.711278406545608030e-16,1.782929047277511669e+00,-9.896764159332890332e-01,-1.433198930554963890e-01,8.911625646413136248e-16,-1.282531328369174606e+00,9.781485433373115537e-16,-5.364780725125990400e-16,1.000000000000000000e+00,3.599608093521528507e-16
-1.781152902645454505e-01,9.840096256510784123e-01,6.711278406545608030e-16,1.774909358826911809e+00,-9.840096256510787454e-01,-1.781152902645455061e-01,8.911625646413136248e-16,-1.333892052631827863e+00,9.964506717697594744e-16,-5.016665763725276015e-16,1.000000000000000000e+00,4.111138003004675980e-16
-2.218888754539992958e-01,9.750719598828377910e-01,6.711278406545608030e-16,1.760436809771302569e+00,-9.750719598828381240e-01,-2.218888754539993513e-01,8.911625646413136248e-16,-1.407056107868879469e+00,1.017863430327733950e-15,-4.566588796040173785e-16,1.000000000000000000e+00,4.860277980015354125e-16
-2.483517727161485000e-01,9.686699112642785936e-01,6.711278406545608030e-16,1.751821061686448688e+00,-9.686699112642789267e-01,-2.483517727161485555e-01,8.911625646413136248e-16,-1.443668694722507029e+00,1.029918151358870218e-15,-4.287795431469017086e-16,1.000000000000000000e+00,5.244823418341600470e-16
-2.947075229256825302e-01,9.555875030215742472e-01,8.862157684040027517e-16,1.727648145097577803e+00,-9.555875030215745802e-01,-2.947075229256826412e-01,8.360173933861251875e-16,-1.531575775080654234e+00,1.060062227312477415e-15,-6.004760981399169255e-16,1.000000000000000000e+00,6.190449583288683725e-16
-3.464445265410201480e-01,9.380704611220669342e-01,8.862157684040027517e-16,1.703812600359317697e+00,-9.380704611220672673e-01,-3.464445265410202590e-01,8.360173933861251875e-16,-1.603770731645623560e+00,1.091267824017702786e-15,-5.416991844886768833e-16,1.000000000000000000e+00,7.005246333274838762e-16
-3.854229496334698468e-01,9.227400229186087932e-01,8.862157684040027517e-16,1.684802444798502830e+00,-9.227400229186090153e-01,-3.854229496334700134e-01,8.360173933861251875e-16,-1.653250051247592278e+00,1.112994604203432442e-15,-4.955264687441777455e-16,1.000000000000000000e+00,7.588435741260695851e-16
-4.272000647072229373e-01,9.041571239083079359e-01,8.862157684040027517e-16,1.657274130462929929e+00,-9.041571239083081579e-01,-4.272000647072231039e-01,8.360173933861251875e-16,-1.716329884643627679e+00,1.134482515548071751e-15,-4.441316157714387010e-16,1.000000000000000000e+00,8.359754382588209449e-16
-4.622129877047657653e-01,8.867689405910835765e-01,8.862157684040027517e-16,1.629568494949941604e+00,-8.867689405910837985e-01,-4.622129877047659319e-01,8.360173933861251875e-16,-1.772893647142224527e+00,1.150974696313823371e-15,-3.994505209125801476e-16,1.000000000000000000e+00,9.079489767762894195e-16
-4.939418665840226152e-01,8.694949295053366889e-01,8.862157684040027517e-16,1.603490658819049841e+00,-8.694949295053369109e-01,-4.939418665840227818e-01,8.360173933861251875e-16,-1.821717214180001321e+00,1.164651955369172256e-15,-3.576161252891052339e-16,1.000000000000000000e+00,9.718769176120763188e-16
-5.424415366633902336e-01,8.400935538987659434e-01,1.079282426510333185e-15,1.567320578884227933e+00,-8.400935538987660545e-01,-5.424415366633904556e-01,7.263402667645433376e-16,-1.882760799465444723e+00,1.195641393976061685e-15,-5.127010789032948350e-16,1.000000000000000000e+00,1.054964911848028936e-15
-5.816971518177924683e-01,8.134054484493370429e-01,1.265820667785850262e-15,1.527203131534354608e+00,-8.134054484493370429e-01,-5.816971518177926903e-01,6.058940500611938444e-16,-1.942679265882881978e+00,1.229161798665936724e-15,-6.771785847128464949e-16,1.000000000000000000e+00,1.141784162650964338e-15
-6.189568762203714325e-01,7.854249711968156467e-01,1.265820667785850262e-15,1.484167952058858209e+00,-7.854249711968156467e-01,-6.189568762203716545e-01,6.058940500611938444e-16,-2.000909170747543264e+00,1.259372723205550778e-15,-6.191848729896505449e-16,1.000000000000000000e+00,1.231540135166048580e-15
-6.620970170505341423e-01,7.494181342967246584e-01,1.265820667785850262e-15,1.438461313568079714e+00,-7.494181342967247694e-01,-6.620970170505343644e-01,6.058940500611938444e-16,-2.056954871019805342e+00,1.292164076840273981e-15,-5.474683200121236151e-16,1.000000000000000000e+00,1.323354299149168856e-15
-6.997880288626938672e-01,7.143505544622082981e-01,1.265820667785850262e-15,1.400922630714362960e+00,-7.143505544622084091e-01,-6.997880288626940892e-01,6.058940500611938444e-16,-2.098152140529107701e+00,1.318626900610086937e-15,-4.802422928905886716e-16,1.000000000000000000e+00,1.395832720221315861e-15
-7.443115462314510156e-01,6.678325554707148504e-01,1.424438354429388340e-15,1.362750681974267852e+00,-6.678325554707149614e-01,-7.443115462314512376e-01,4.505098936611104800e-16,-2.135904123950251421e+00,1.361091087645262224e-15,-6.159665908056116280e-16,1.000000000000000000e+00,1.467025263999070171e-15
-8.144194621015716784e-01,5.802766062406664593e-01,1.572726970364957398e-15,1.317007105537694844e+00,-5.802766062406665704e-01,-8.144194621015719004e-01,2.852395304370086404e-16,-2.173751419327222045e+00,1.446377279924932926e-15,-6.803120439579303551e-16,1.000000000000000000e+00,1.549234749759736697e-15
-8.898149277675939661e-01,4.563215909004858517e-01,1.572726970364957398e-15,1.253575760304393993e+00,-4.563215909004859627e-01,-8.898149277675941882e-01,2.852395304370086404e-16,-2.214253935855629241e+00,1.529596891850165982e-15,-4.638588809967703366e-16,1.000000000000000000e+00,1.660547855970759732e-15
-9.316912275852565761e-01,3.632512304737266495e-01,1.572726970364957398e-15,1.184500279608219575e+00,-3.632512304737267050e-01,-9.316912275852567982e-01,2.852395304370086404e-16,-2.246370767444972660e+00,1.568909532086761302e-15,-3.055398389155890633e-16,1.000000000000000000e+00,1.778345717414226145e-15
-9.516480332350210070e-01,3.071905285647903439e-01,1.572726970364957398e-15,1.126068015228367303e+00,-3.071905285647903994e-01,-9.516480332350212290e-01,2.852395304370086404e-16,-2.267975765126192922e+00,1.584305410286003434e-15,-2.116791911732531207e-16,1.000000000000000000e+00,1.876406314937599453e-15
-9.754192990235964755e-01,2.203569628859380347e-01,1.572726970364957398e-15,1.039866569501578963e+00,-2.203569628859380625e-01,-9.754192990235965866e-01,2.852395304370086404e-16,-2.292624489075786087e+00,1.596922755611002768e-15,-6.833319580573849519e-17,1.000000000000000000e+00,2.019008443961824269e-15
-9.867709655718435169e-01,1.621205153717770187e-01,1.572726970364957398e-15,9.897031675809634388e-01,-1.621205153717770464e-01,-9.867709655718436279e-01,2.852395304370086404e-16,-2.303142154978522704e+00,1.598164490806761638e-15,2.649477989392536764e-17,1.000000000000000000e+00,2.100901833171023571e-15
-9.980047495994061046e-01,6.313889274469104695e-02,1.572726970364957398e-15,9.153810316803981939e-01,-6.313889274469106083e-02,-9.980047495994062157e-01,2.852395304370086404e-16,-2.312755572360738032e+00,1.587598694366121311e-15,1.853701666510826330e-16,1.000000000000000000e+00,2.220532387456970179e-15
-9.995903784618840326e-01,-2.861949137260035025e-02,1.586746620859856232e-15,8.529130319615678690e-01,2.861949137260034332e-02,-9.995903784618841437e-01,6.363796009890364029e-17,-2.314708194179795342e+00,1.584275369218399992e-15,1.090237738460062018e-16,1.000000000000000000e+00,2.319334460330314350e-15
-9.952444162524779481e-01,-9.740919832471374440e-02,1.586746620859856232e-15,8.045001529853116340e-01,9.740919832471374440e-02,-9.952444162524780591e-01,6.363796009890364029e-17,-2.312189037640719924e+00,1.573001791742006427e-15,2.178990407325384316e-16,1.000000000000000000e+00,2.395993118468669462e-15
-9.856740471315645902e-01,-1.686614147079325832e-01,1.586746620859856232e-15,7.495630441538632116e-01,1.686614147079325832e-01,-9.856740471315647012e-01,6.363796009890364029e-17,-2.305481323362962520e+00,1.553281695175861904e-15,3.303492155391378419e-16,1.000000000000000000e+00,2.482737525013217602e-15
-9.698720152844511055e-01,-2.436150117871982435e-01,1.586746620859856232e-15,7.026072955875117820e-01,2.436150117871982712e-01,-9.698720152844511055e-01,6.363796009890364029e-17,-2.296345394280461694e+00,1.523437980519535045e-15,4.482759733537856314e-16,1.000000000000000000e+00,2.556663008490402112e-15
-9.450060080619009373e-01,-3.270529692984144310e-01,1.586746620859856232e-15,6.427936047046941548e-01,3.270529692984144865e-01,-9.450060080619009373e-01,6.363796009890364029e-17,-2.279421214042320898e+00,1.478672106174043976e-15,5.790884485107086014e-16,1.000000000000000000e+00,2.650495160073167698e-15
-9.133323656168720328e-01,-4.072149185831575591e-01,1.514126273502431480e-15,5.845687274511773834e-01,4.072149185831576146e-01,-9.133323656168720328e-01,-1.461955256129821539e-16,-2.257746308251321832e+00,1.442433530280348156e-15,4.830497019382049996e-16,1.000000000000000000e+00,2.741503940515290409e-15
-8.572571787475025129e-01,-5.148884631508768850e-01,1.514126273502431480e-15,5.107515370269178900e-01,5.148884631508769960e-01,-8.572571787475025129e-01,-1.461955256129821539e-16,-2.220778312937490728e+00,1.373270006992567911e-15,6.542789861475376563e-16,1.000000000000000000e+00,2.858677043478557774e-15
-8.153299533386777487e-01,-5.789966037799779697e-01,1.514126273502431480e-15,4.699374652713729783e-01,5.789966037799780807e-01,-8.153299533386777487e-01,-1.461955256129821539e-16,-2.194858597512823639e+00,1.319159216741350165e-15,7.574763789755856183e-16,1.000000000000000000e+00,2.924264048272490043e-15
-7.669411969197627021e-01,-6.417173836411796950e-01,1.514126273502431480e-15,4.259027871059610226e-01,6.417173836411798060e-01,-7.669411969197627021e-01,-1.461955256129821539e-16,-2.161760484856675824e+00,1.255062026684026099e-15,8.595177793364152525e-16,1.000000000000000000e+00,2.995776907404527422e-15
-7.089555570802603679e-01,-7.052531588621328007e-01,1.514126273502431480e-15,3.793353819028869034e-01,7.052531588621329117e-01,-7.089555570802604789e-01,-1.461955256129821539e-16,-2.120458061209990586e+00,1.176553091970841959e-15,9.641962070001464337e-16,1.000000000000000000e+00,3.072324068645453106e-15
-6.371549910597039679e-01,-7.707356987759861333e-01,1.514126273502431480e-15,3.316899685074587434e-01,7.707356987759862443e-01,-6.371549910597040789e-01,-1.461955256129821539e-16,-2.069646275496109133e+00,1.077411222847950241e-15,1.073841962628068564e-15,1.000000000000000000e+00,3.151893696599130855e-15
-5.866550788804133498e-01,-8.098369085339437445e-01,1.342988569766099604e-15,3.015501184437784365e-01,8.098369085339438556e-01,-5.866550788804134609e-01,-2.876723538788460013e-16,-2.031728876189221822e+00,1.020838755067553182e-15,9.188372640792924889e-16,1.000000000000000000e+00,3.203072589581520854e-15
-5.100926303512066662e-01,-8.601194733648265256e-01,1.163168653356971325e-15,2.665442570896337515e-01,8.601194733648266366e-01,-5.100926303512067772e-01,-4.179359490961104866e-16,-1.980362362138420984e+00,9.527986063697049836e-16,7.872779619671098818e-16,1.000000000000000000e+00,3.264861787262498869e-15
-4.400958985343446650e-01,-8.979507782129525495e-01,1.163168653356971325e-15,2.396387064448087245e-01,8.979507782129527715e-01,-4.400958985343447760e-01,-4.179359490961104866e-16,-1.932144530767782253e+00,8.871916643801423101e-16,8.605363004275479696e-16,1.000000000000000000e+00,3.316309445491111810e-15
-3.518416484037809600e-01,-9.360595357393189930e-01,1.163168653356971325e-15,2.111806595473490755e-01,9.360595357393192151e-01,-3.518416484037810155e-01,-4.179359490961104866e-16,-1.868747559418600268e+00,8.004641068484006405e-16,9.417478363906816712e-16,1.000000000000000000e+00,3.375906826968638918e-15
-2.938735034036185634e-01,-9.558443199586859063e-01,1.163168653356971325e-15,1.971996082527307237e-01,9.558443199586861283e-01,-2.938735034036185634e-01,-4.179359490961104866e-16,-1.829910136680011457e+00,7.413061502613428266e-16,9.889878489060648062e-16,1.000000000000000000e+00,3.408400702708213720e-15
-1.959461442419219157e-01,-9.806146585467317989e-01,1.163168653356971325e-15,1.790293429964010807e-01,9.806146585467319099e-01,-1.959461442419218880e-01,-4.179359490961104866e-16,-1.763014588917986014e+00,6.377525307456545965e-16,1.058727294078437744e-15,1.000000000000000000e+00,3.457493839921783850e-15
-9.740919832340630413e-02,-9.952444162526061788e-01,1.163168653356971325e-15,1.679234059895705067e-01,9.952444162526062899e-01,-9.740919832340627638e-02,-4.179359490961104866e-16,-1.694934884414544429e+00,5.292517457275568014e-16,1.116926301661605397e-15,1.000000000000000000e+00,3.498864873630115163e-15
-3.106186356280531830e-02,-9.995174638954564816e-01,1.163168653356971325e-15,1.641301397679537921e-01,9.995174638954567037e-01,-3.106186356280527666e-02,-4.179359490961104866e-16,-1.646774459173180993e+00,4.538644659223919111e-16,1.149625513057239043e-15,1.000000000000000000e+00,3.523405055025059250e-15
5.843522251899132408e-02,-9.982912023899417342e-01,1.163168653356971325e-15,1.639439976510272956e-01,9.982912023899418452e-01,5.843522251899137959e-02,-4.179359490961104866e-16,-1.584442737641672316e+00,3.492517620591081382e-16,1.185603213726137934e-15,1.000000000000000000e+00,3.549672236897603275e-15
1.514333426726524601e-01,-9.884674717596865223e-01,1.163168653356971325e-15,1.703105503864947301e-01,9.884674717596865223e-01,1.514333426726525156e-01,-4.179359490961104866e-16,-1.515627869249833504e+00,2.369735736906239981e-16,1.213043815808576895e-15,1.000000000000000000e+00,3.571027069659030358e-15
1.926932314723721895e-01,-9.812590476243948645e-01,1.163168653356971325e-15,1.759030307045943153e-01,9.812590476243948645e-01,1.926932314723722450e-01,-4.179359490961104866e-16,-1.481715407241061211e+00,1.859687048153251762e-16,1.221903193599414748e-15,1.000000000000000000e+00,3.578695308854322722e-15
2.891988763140169727e-01,-9.572690373864128910e-01,1.163168653356971325e-15,1.919957834610506731e-01,9.572690373864128910e-01,2.891988763140170837e-01,-4.179359490961104866e-16,-1.413636779322791526e+00,6.369007616588652675e-17,1.234331943966906306e-15,1.000000000000000000e+00,3.588429229273971822e-15
3.640641460310993782e-01,-9.313738763647206875e-01,1.163168653356971325e-15,2.127120829037410232e-01,9.313738763647206875e-01,3.640641460310994337e-01,-4.179359490961104866e-16,-1.351647602427302086e+00,-3.421337749273624379e-17,1.235500391946387660e-15,1.000000000000000000e+00,3.589862762160924130e-15
4.167568100895814309e-01,-9.090180203076043686e-01,1.163168653356971325e-15,2.320530431840586993e-01,9.090180203076043686e-01,4.167568100895814864e-01,-4.179359490961104866e-16,-1.304735963056240289e+00,-1.048471485065190932e-16,1.231518919525473679e-15,1.000000000000000000e+00,3.586972023961235471e-15
4.881643366979018794e-01,-8.727517289448913917e-01,1.163168653356971325e-15,2.574179738883817792e-01,8.727517289448913917e-01,4.881643366979019349e-01,-4.179359490961104866e-16,-1.253066154913029751e+00,-2.030631319719428882e-16,1.219178878644509405e-15,1.000000000000000000e+00,3.579063001977341858e-15
5.642467410315042953e-01,-8.256062107538473249e-01,1.163168653356971325e-15,2.909473672459791382e-01,8.256062107538473249e-01,5.642467410315044063e-01,-4.179359490961104866e-16,-1.197314740412717793e+00,-3.112636066556218692e-16,1.196138261603094205e-15,1.000000000000000000e+00,3.563363182990347461e-15
6.174478287550362321e-01,-7.866118348751759415e-01,1.346490058247461588e-15,3.205472493012358481e-01,7.866118348751758305e-01,6.174478287550363431e-01,-5.432238937886873842e-16,-1.156001066881125139e+00,-4.040810190639803120e-16,1.394577429106900338e-15,1.000000000000000000e+00,3.545955470158194384e-15
6.788007455328262107e-01,-7.343225094357921368e-01,1.346490058247461588e-15,3.670129617571797342e-01,7.343225094357920257e-01,6.788007455328263218e-01,-5.432238937886873842e-16,-1.100265991937193988e+00,-5.150969225185243179e-16,1.357498742597628143e-15,1.000000000000000000e+00,3.513666474718527332e-15
7.290880923274136727e-01,-6.844198664755226647e-01,1.509542409742689775e-15,4.122230632816563656e-01,6.844198664755226647e-01,7.290880923274137837e-01,-6.939479371533405401e-16,-1.053591701242746259e+00,-6.256376413191708508e-16,1.539109992188904102e-15,1.000000000000000000e+00,3.477810949594192428e-15
7.611988483758690416e-01,-6.485185527270983519e-01,1.509542409742689775e-15,4.544318849818540507e-01,6.485185527270982409e-01,7.611988483758692636e-01,-6.939479371533405401e-16,-1.015586886754880958e+00,-6.990238320000298854e-16,1.507198629440439036e-15,1.000000000000000000e+00,3.440468305788225855e-15
