9.999999847691288801e-01,1.745329250531999497e-04,0.000000000000000000e+00,-2.220446049250313081e-16,-1.745329250531999497e-04,9.999999847691288801e-01,0.000000000000000000e+00,-5.551115123125782702e-17,0.000000000000000000e+00,0.000000000000000000e+00,1.000000000000000000e+00,0.000000000000000000e+00
9.999999390765168528e-01,3.490658426955232452e-04,0.000000000000000000e+00,2.644054645612999542e-03,-3.490658426955232452e-04,9.999999390765168528e-01,0.000000000000000000e+00,-6.624391563305768987e-07,0.000000000000000000e+00,0.000000000000000000e+00,1.000000000000000000e+00,0.000000000000000000e+00
9.999992536874134919e-01,1.221730173105594177e-03,0.000000000000000000e+00,5.885152885716740667e-03,-1.221730173105594177e-03,9.999992536874134919e-01,0.000000000000000000e+00,-3.148447499365836322e-06,0.000000000000000000e+00,0.000000000000000000e+00,1.000000000000000000e+00,-2.776574133226303957e-22
9.999945016606143211e-01,3.316119500163887054e-03,0.000000000000000000e+00,9.382118637654117063e-03,-3.316119500163887054e-03,9.999945016606144321e-01,0.000000000000000000e+00,-1.103816581625573886e-05,0.000000000000000000e+00,0.000000000000000000e+00,1.000000000000000000e+00,-1.019227139906893429e-21
9.999932831934131849e-01,3.665183222957642175e-03,0.000000000000000000e+00,1.432903050922007190e-02,-3.665183222957642175e-03,9.999932831934132960e-01,0.000000000000000000e+00,-2.804570501448440758e-05,0.000000000000000000e+00,0.000000000000000000e+00,1.000000000000000000e+00,-1.019227139906893429e-21
9.999919428800674304e-01,4.014246498119771953e-03,8.138341607194829818e-19,1.944652028988495124e-02,-4.014246498119771953e-03,9.999919428800675414e-01,2.220431134943665041e-16,-4.710753956748478245e-05,7.750818721632693387e-20,-2.220445913973006360e-16,1.000000000000000000e+00,-1.019227139906893429e-21
9.999912270311375195e-01,4.188777955393444344e-03,8.138341607194829818e-19,2.238907362930636288e-02,-4.188777955393444344e-03,9.999912270311376306e-01,2.220431134943665041e-16,-5.891976918405616634e-05,1.162622779743951606e-19,-2.220445744876374992e-16,1.000000000000000000e+00,-7.911533258933531915e-22
9.999862922474255233e-01,5.235963831629946059e-03,8.138341607194829818e-19,2.776241385357346506e-02,-5.235963831629946059e-03,9.999862922474256344e-01,2.220431134943665041e-16,-8.448685138537907107e-05,3.487867064368349493e-19,-2.220443309885363810e-16,1.000000000000000000e+00,5.128333773781293193e-22
9.999813422410630537e-01,6.108614389666178722e-03,8.138341607194829818e-19,3.646207175966331704e-02,-6.108614389666178722e-03,9.999813422410631647e-01,2.220431134943665041e-16,-1.329414339921693503e-04,5.425567818200700309e-19,-2.220439420665463340e-16,1.000000000000000000e+00,4.191760971910569246e-21
9.999731328638818972e-01,7.330317209566973406e-03,8.138341607194829818e-19,4.793361810707005150e-02,-7.330317209566973406e-03,9.999731328638820083e-01,2.220431134943665041e-16,-2.067842918034632871e-04,8.138341607872780270e-19,-2.220431134943662576e-16,1.000000000000000000e+00,1.047924064809683886e-20
9.999705131786765788e-01,7.679373227931165016e-03,8.138341607194829818e-19,6.085502782543642658e-02,-7.679373227931165016e-03,9.999705131786766898e-01,2.220431134943665041e-16,-3.007084317749449077e-04,8.913417778781202711e-19,-2.220428158850186526e-16,1.000000000000000000e+00,2.081856448618603333e-20
9.999395492820963849e-01,1.099535272365826342e-02,8.138341607194829818e-19,7.433059858549148635e-02,-1.099535272365826342e-02,9.999395492820964959e-01,2.220431134943665041e-16,-4.247465139552262939e-04,1.627657388869630739e-18,-2.220386392224059299e-16,1.000000000000000000e+00,3.739348662564037767e-20
9.999316293992274174e-01,1.169343948570220407e-02,8.138341607194829818e-19,8.456500718964179986e-02,-1.169343948570220407e-02,9.999316293992275284e-01,2.220431134943665041e-16,-5.393684537089194235e-04,1.782669192474295788e-18,-2.220374487938093122e-16,1.000000000000000000e+00,5.451538766649517557e-20
9.999165969098270379e-01,1.291507740086212871e-02,8.138341607194829818e-19,9.757106920134399342e-02,-1.291507740086212871e-02,9.999165969098271489e-01,2.220431134943665041e-16,-6.988857663724331801e-04,2.053937712672566797e-18,-2.220351051437266593e-16,1.000000000000000000e+00,7.935033086499688549e-20
9.998975893714989738e-01,1.431121130670020072e-02,-2.053889098331149263e-18,1.181673432224867315e-01,-1.431121130670020072e-02,9.998975893714990848e-01,1.702777554210423675e-20,-9.685057621791840626e-04,2.053922446351584070e-18,1.236760916983638706e-20,1.000000000000000000e+00,1.224556428123207067e-19
9.998950763646428097e-01,1.448572613799080193e-02,-2.053889098331149263e-18,1.347123532770979071e-01,-1.448572613799080193e-02,9.998950763646429207e-01,1.702777554210423675e-20,-1.202473022802257822e-03,2.053920256513574459e-18,1.272608607023793465e-20,1.000000000000000000e+00,1.564412425372639444e-19
9.998950763646428097e-01,1.448572613799095979e-02,-2.053889098331149263e-18,1.537730925816841732e-01,-1.448572613799095979e-02,9.998950763646429207e-01,1.702777554210423675e-20,-1.481498886722628630e-03,2.053920256513574459e-18,1.272608607023825814e-20,1.000000000000000000e+00,1.955946383908670353e-19
9.999025240093094569e-01,1.396218033876334141e-02,-2.053889098331149263e-18,1.752644793414456781e-01,-1.396218033876334141e-02,9.999025240093095679e-01,1.702777554210423675e-20,-1.790371072582530934e-03,2.053926638329407954e-18,1.165065424390588355e-20,1.000000000000000000e+00,2.397408227710116193e-19
9.999572167884691609e-01,9.250113115980401410e-03,-2.053889098331149263e-18,1.969693872983228067e-01,-9.250113115980401410e-03,9.999572167884692719e-01,1.702777554210423675e-20,-2.079446548378983701e-03,2.053958735209272605e-18,1.971659448061162903e-21,1.000000000000000000e+00,2.843252189162391623e-19
9.999395492821073761e-01,-1.099535272266987870e-02,-2.053889098331149263e-18,2.161597638489337891e-01,1.099535272266988217e-02,9.999395492821074871e-01,1.702777554210423675e-20,-2.132024108563178137e-03,2.053577712862515593e-18,-3.960998129024563687e-20,1.000000000000000000e+00,3.237410193853021815e-19
9.994617283920635975e-01,-3.280630243640817595e-02,-2.053889098331149263e-18,2.379905032905166307e-01,3.280630243640818289e-02,9.994617283920635975e-01,1.702777554210423675e-20,-1.733190565842998229e-03,2.052224929789414095e-18,-8.439911690467664088e-20,1.000000000000000000e+00,3.685721458848329360e-19
9.984890974505243877e-01,-5.495017991269268709e-02,-9.338351561874497042e-18,2.612556162499590218e-01,5.495017991269269403e-02,9.984890974505243877e-01,2.219421123940468618e-16,-7.882416481446320039e-04,-2.871516783564174537e-18,-2.221199235890076515e-16,1.000000000000000000e+00,3.795821031284143893e-19
9.977782735475657638e-01,-6.662219477350717067e-02,-9.338351561874497042e-18,2.751348885251125309e-01,6.662219477350718455e-02,9.977782735475657638e-01,2.219421123940468618e-16,1.591637672090841660e-05,-5.468666341172459625e-18,-2.220711592086505499e-16,1.000000000000000000e+00,3.307150963194930118e-19
9.955783744389667955e-01,-9.393455354375455923e-02,-2.413145047959638551e-17,3.076607168176788143e-01,9.393455354375457311e-02,9.955783744389667955e-01,4.434933949466959925e-16,2.537455042390666157e-03,-1.763460381259090457e-17,-4.437992102426143465e-16,1.000000000000000000e+00,7.481709781462903387e-20
9.920489409928473501e-01,-1.258526864034697768e-01,-2.413145047959638551e-17,3.446922106487061432e-01,1.258526864034697768e-01,9.920489409928473501e-01,4.434933949466959925e-16,6.365970657009289296e-03,-3.187525526333176400e-17,-4.430041606638617933e-16,1.000000000000000000e+00,-7.294806301501050664e-19
9.857328610199685981e-01,-1.683173392891752773e-01,-2.413145047959638551e-17,3.853478857234007848e-01,1.683173392891752773e-01,9.857328610199685981e-01,4.434933949466959925e-16,1.215332723211192192e-02,-5.086046450793700794e-17,-4.412277545821796074e-16,1.000000000000000000e+00,-2.315054635629900038e-18
9.806146585465346233e-01,-1.959461442429103195e-01,-2.413145047959638551e-17,4.140574354612189256e-01,1.959461442429103195e-01,9.806146585465346233e-01,4.434933949466959925e-16,1.731156398692536638e-02,-6.323716666472127201e-17,-4.396245887297632966e-16,1.000000000000000000e+00,-3.909895488171275100e-18
9.741339623771034795e-01,-2.259712887591784625e-01,-2.413145047959638551e-17,4.420551920068853113e-01,2.259712887591784347e-01,9.741339623771035905e-01,4.434933949466959925e-16,2.322166473864453046e-02,-7.670950853869212642e-17,-4.374749930720012925e-16,1.000000000000000000e+00,-5.855359659406683307e-18
9.656542620401769028e-01,-2.598304181646969857e-01,-2.413145047959638551e-17,4.743235509439296393e-01,2.598304181646969302e-01,9.656542620401771249e-01,4.434933949466959925e-16,3.111391087846061485e-02,-9.193043625744739397e-17,-4.345313718859786088e-16,1.000000000000000000e+00,-8.651857230332692144e-18
9.514870582079572037e-01,-3.076887681777925043e-01,-2.413145047959638551e-17,5.145466928468150902e-01,3.076887681777925043e-01,9.514870582079574257e-01,4.434933949466959925e-16,4.275692868289028559e-02,-1.134971735590139264e-16,-4.294032019649018442e-16,1.000000000000000000e+00,-1.284481596688077605e-17
9.393339429507192584e-01,-3.430039994237017442e-01,-2.413145047959638551e-17,5.429197161420917794e-01,3.430039994237017442e-01,9.393339429507194804e-01,4.434933949466959925e-16,5.230311991998016358e-02,-1.294525176565926896e-16,-4.248655833742770344e-16,1.000000000000000000e+00,-1.639380652082175910e-17
9.234113071125537031e-01,-3.838118782641892768e-01,-2.413145047959638551e-17,5.786175382788011357e-01,3.838118782641892768e-01,9.234113071125539252e-01,4.434933949466959925e-16,6.604156675655589726e-02,-1.479347786823672787e-16,-4.187887528573256650e-16,1.000000000000000000e+00,-2.162527672254797966e-17
9.106115466115295431e-01,-4.132633678149539858e-01,-2.413145047959638551e-17,6.100527988237339772e-01,4.132633678149540413e-01,9.106115466115297652e-01,4.434933949466959925e-16,7.951493916519421223e-02,-1.613051965561542345e-16,-4.138228507798664284e-16,1.000000000000000000e+00,-2.684204996028286834e-17
8.939978849611228684e-01,-4.480711792617761424e-01,-2.413145047959638551e-17,6.482417038391988795e-01,4.480711792617761979e-01,8.939978849611230904e-01,4.434933949466959925e-16,9.751120044154557021e-02,-1.771431427787714200e-16,-4.072947645502639763e-16,1.000000000000000000e+00,-3.400684508714979479e-17
8.830295176551292702e-01,-4.693174522109203051e-01,-2.413145047959638551e-17,6.710194252709463791e-01,4.693174522109203606e-01,8.830295176551294922e-01,4.434933949466959925e-16,1.090742508347315037e-01,-1.868304071114381266e-16,-4.029430694802547874e-16,1.000000000000000000e+00,-3.858532210519529423e-17
8.669837382553560179e-01,-4.983364301360759807e-01,-2.413145047959638551e-17,7.048513495479554747e-01,4.983364301360760362e-01,8.669837382553562399e-01,4.434933949466959925e-16,1.275546180125486373e-01,-2.000873400803407983e-16,-3.965271423284529547e-16,1.000000000000000000e+00,-4.596482947942681039e-17
8.553642601600986994e-01,-5.180270093738035264e-01,-2.413145047959638551e-17,7.355067038091525067e-01,5.180270093738036374e-01,8.553642601600989215e-01,4.434933949466959925e-16,1.455035299502994983e-01,-2.091003767752020124e-16,-3.918491427782683215e-16,1.000000000000000000e+00,-5.318529520701065792e-17
8.328246429784988969e-01,-5.535369129947301792e-01,-2.413145047959638551e-17,7.764138623627342417e-01,5.535369129947302902e-01,8.328246429784992300e-01,4.434933949466959925e-16,1.708921932100582464e-01,-2.253926981421235646e-16,-3.827098769143654244e-16,1.000000000000000000e+00,-6.345785059834275528e-17
8.054113464804099065e-01,-5.927162583906508964e-01,-2.413145047959638551e-17,8.084998878027945812e-01,5.927162583906510074e-01,8.054113464804102396e-01,4.434933949466959925e-16,1.928680899723455855e-01,-2.434300016504757829e-16,-3.714977154169922089e-16,1.000000000000000000e+00,-7.242973332645378757e-17
7.587031106593843388e-01,-6.514365585962870187e-01,-2.413145047959638551e-17,8.481747900439824406e-01,6.514365585962871297e-01,7.587031106593846719e-01,4.434933949466959925e-16,2.235993590636411177e-01,-2.705992044206669058e-16,-3.521999273573140906e-16,1.000000000000000000e+00,-8.510143524805686085e-17
7.051294120325318771e-01,-7.090786361798354642e-01,-2.413145047959638551e-17,8.855766637518720508e-01,7.090786361798356863e-01,7.051294120325322101e-01,4.434933949466959925e-16,2.573776568624293049e-01,-2.974558961553983754e-16,-3.298313328141886395e-16,1.000000000000000000e+00,-9.917932575113587783e-17
6.536848052989644442e-01,-7.567669227187816539e-01,-2.413145047959638551e-17,9.166086396978435635e-01,7.567669227187818759e-01,6.536848052989646662e-01,4.434933949466959925e-16,2.900597535138175198e-01,-3.198467692315798618e-16,-3.081667770472925216e-16,1.000000000000000000e+00,-1.129247731582118303e-16
5.967852019531665331e-01,-8.024010360971113309e-01,-2.413145047959638551e-17,9.474109802383504642e-01,8.024010360971115530e-01,5.967852019531666441e-01,4.434933949466959925e-16,3.274409434789950502e-01,-3.414582670595654939e-16,-2.840333961355136348e-16,1.000000000000000000e+00,-1.287597788476068555e-16
5.390648235391525267e-01,-8.422642792038029791e-01,-2.413145047959638551e-17,9.742296634481653061e-01,8.422642792038032011e-01,5.390648235391526377e-01,4.434933949466959925e-16,3.652936104128831074e-01,-3.605302285318989627e-16,-2.593967474320598263e-16,1.000000000000000000e+00,-1.449000128880977686e-16
5.078390973492080684e-01,-8.614519436413973219e-01,-2.413145047959638551e-17,9.935758717782345872e-01,8.614519436413975439e-01,5.078390973492080684e-01,4.434933949466959925e-16,3.963487804505891887e-01,-3.697933530396677104e-16,-2.460113702886002536e-16,1.000000000000000000e+00,-1.582059236104819423e-16
4.631413563618341223e-01,-8.862844261450836258e-01,-2.413145047959638551e-17,1.019438115478301210e+00,8.862844261450838479e-01,4.631413563618341223e-01,4.434933949466959925e-16,4.421257715621932372e-01,-3.818850163333686339e-16,-2.267874612134848581e-16,1.000000000000000000e+00,-1.778836233558725258e-16
4.352310993716220211e-01,-9.003187714025343569e-01,-2.209261257341895709e-16,1.033660245241650122e+00,9.003187714025345789e-01,4.352310993716219656e-01,5.463314344445025733e-16,4.699134464243354126e-01,-3.957185252544542521e-16,-4.366843689262834237e-16,1.000000000000000000e+00,-1.898640729980602739e-16
3.944231137073537230e-01,-9.189289457696909746e-01,-2.209261257341895709e-16,1.055637532913411558e+00,9.189289457696911967e-01,3.944231137073536675e-01,5.463314344445025733e-16,5.173023965089654785e-01,-4.149013986835483706e-16,-4.185011573037066415e-16,1.000000000000000000e+00,-2.108987890551471325e-16
3.582050035651901942e-01,-9.336429592841483105e-01,-2.209261257341895709e-16,1.071659248194511527e+00,9.336429592841485325e-01,3.582050035651901387e-01,5.463314344445025733e-16,5.561775075385256839e-01,-4.309416535484599477e-16,-4.019647752366190316e-16,1.000000000000000000e+00,-2.285978687434463864e-16
3.148208663324528200e-01,-9.491511060530264388e-01,-2.209261257341895709e-16,1.088106525694470861e+00,9.491511060530266608e-01,3.148208663324527090e-01,5.463314344445025733e-16,6.011068430680329699e-01,-4.489989309754261093e-16,-3.816888120930858853e-16,1.000000000000000000e+00,-2.495105437749793164e-16
2.816716605954220354e-01,-9.595108522666208062e-01,-4.316800080918904173e-16,1.099409504209460486e+00,9.595108522666210282e-01,2.816716605954219244e-01,6.162357093314481868e-16,6.365771633878710700e-01,-4.696928259326554868e-16,-5.877777880362982727e-16,1.000000000000000000e+00,-2.663919715029489552e-16
2.589876270199469310e-01,-9.658806391322772855e-01,-4.316800080918904173e-16,1.108566913911559260e+00,9.658806391322775076e-01,2.589876270199468200e-01,6.162357093314481868e-16,6.688207578204072856e-01,-4.834103598575213019e-16,-5.765487861611272188e-16,1.000000000000000000e+00,-2.823441915406999308e-16
2.567954486079594423e-01,-9.664657767216779938e-01,-4.316800080918904173e-16,1.118924770370830268e+00,9.664657767216783268e-01,2.567954486079593313e-01,6.162357093314481868e-16,7.075467727698792064e-01,-4.847172621296078307e-16,-5.754504797417623645e-16,1.000000000000000000e+00,-3.017372652725153008e-16
2.524071371040138012e-01,-9.676211227226051426e-01,-4.316800080918904173e-16,1.128328288620754627e+00,9.676211227226054756e-01,2.524071371040136902e-01,6.162357093314481868e-16,7.431727718789850057e-01,-4.873235739375454146e-16,-5.732449852603902764e-16,1.000000000000000000e+00,-3.196319672699370196e-16
2.476754530753034755e-01,-9.688430574370352488e-01,-4.316800080918904173e-16,1.139909994924223291e+00,9.688430574370355819e-01,2.476754530753033368e-01,6.162357093314481868e-16,7.878386329077203820e-01,-4.901191471428509365e-16,-5.708566373840386155e-16,1.000000000000000000e+00,-3.421570747530803307e-16
2.454765822746386439e-01,-9.694025209141772237e-01,-6.468063820148564727e-16,1.150225711927272743e+00,9.694025209141775568e-01,2.454765822746385329e-01,6.712307074591821022e-16,8.283386359450964909e-01,-4.919169198755065834e-16,-7.917871572534481434e-16,1.000000000000000000e+00,-3.626615340533935673e-16
2.444612919164109444e-01,-9.696590518087058186e-01,-6.468063820148564727e-16,1.155893439702638137e+00,9.696590518087062627e-01,2.444612919164108333e-01,6.712307074591821022e-16,8.507471391848774322e-01,-4.927458075726260211e-16,-7.912715890077836186e-16,1.000000000000000000e+00,-3.740368870395038054e-16
2.425992307947233972e-01,-9.701265964902764383e-01,-6.468063820148564727e-16,1.167147903835904277e+00,9.701265964902768824e-01,2.425992307947232862e-01,6.712307074591821022e-16,8.954966078553765474e-01,-4.942640309372147112e-16,-7.903241272876580088e-16,1.000000000000000000e+00,-3.967946453260716483e-16
2.405668718097687675e-01,-9.706325670343343148e-01,-8.622177588598052428e-16,1.177358136744304007e+00,9.706325670343347589e-01,2.405668718097686565e-01,7.250985578161129850e-16,9.364190330749108115e-01,-4.963832454582146878e-16,-1.011331328432280714e-15,1.000000000000000000e+00,-4.176589899501140643e-16
2.381944532398052039e-01,-9.712174846273050610e-01,-8.622177588598052428e-16,1.187134172521668640e+00,9.712174846273055051e-01,2.381944532398050929e-01,7.250985578161129850e-16,9.759552823201886884e-01,-4.988529097837903630e-16,-1.010115417484792902e-15,1.000000000000000000e+00,-4.378975956008308451e-16
2.310687213949801089e-01,-9.729374316948076196e-01,-8.622177588598052428e-16,1.201206325193717062e+00,9.729374316948080637e-01,2.310687213949799701e-01,7.250985578161129850e-16,1.034065233083889090e+00,-5.062439734634375915e-16,-1.006431528506625354e-15,1.000000000000000000e+00,-4.678997771551287586e-16
2.266513074365935076e-01,-9.739759672791121758e-01,-8.622177588598052428e-16,1.213435025501950593e+00,9.739759672791126199e-01,2.266513074365933689e-01,7.250985578161129850e-16,1.085951156524144867e+00,-5.108057868810136649e-16,-1.004123911840117774e-15,1.000000000000000000e+00,-4.949783828390821019e-16
2.230799846878782633e-01,-9.748001438406004304e-01,-8.622177588598052428e-16,1.222161705590661285e+00,9.748001438406008745e-01,2.230799846878781245e-01,7.250985578161129850e-16,1.123590051880896556e+00,-5.144826540136970170e-16,-1.002244970533279620e-15,1.000000000000000000e+00,-5.147459930316796916e-16
2.189948062621001335e-01,-9.757260244711239983e-01,-8.622177588598052428e-16,1.230360625681745423e+00,9.757260244711244423e-01,2.189948062621000224e-01,7.250985578161129850e-16,1.159556183239931260e+00,-5.186763221104163588e-16,-1.000081124270548078e-15,1.000000000000000000e+00,-5.337557285043355003e-16
2.150762370165134607e-01,-9.765972620639563617e-01,-8.622177588598052428e-16,1.240602803474933236e+00,9.765972620639568058e-01,2.150762370165133497e-01,7.250985578161129850e-16,1.205466141049753581e+00,-5.226867152253610134e-16,-9.979909718865968413e-16,1.000000000000000000e+00,-5.582139851189501912e-16
2.126893200581465027e-01,-9.771198765418717125e-01,-8.622177588598052428e-16,1.249655574836834981e+00,9.771198765418721566e-01,2.126893200581463916e-01,7.250985578161129850e-16,1.246747403825397837e+00,-5.251237044200188768e-16,-9.967108293263540316e-16,1.000000000000000000e+00,-5.803415089872686565e-16
2.111542019822502392e-01,-9.774527625339437531e-01,-8.622177588598052428e-16,1.260888490110774418e+00,9.774527625339443082e-01,2.111542019822501282e-01,7.250985578161129850e-16,1.298508963575218278e+00,-5.266886856397720369e-16,-9.958847376374843134e-16,1.000000000000000000e+00,-6.081885222792178480e-16
2.087652063533098346e-01,-9.779657911278181182e-01,-8.622177588598052428e-16,1.268732260970514281e+00,9.779657911278186733e-01,2.087652063533097235e-01,7.250985578161129850e-16,1.334903296107291970e+00,-5.291205163904196205e-16,-9.945948227167519338e-16,1.000000000000000000e+00,-6.278149617792097381e-16
1.708974021230589557e-01,-9.852888297081159319e-01,-1.079369786580977502e-15,1.278140722343380276e+00,9.852888297081164870e-01,1.708974021230588169e-01,7.714537455829262601e-16,1.380901962627811619e+00,-5.756432657025346984e-16,-1.195330434820895600e-15,1.000000000000000000e+00,-6.531034024913872966e-16
9.341325707363140607e-02,-9.956274219821864557e-01,-1.079369786580977502e-15,1.286112339419462680e+00,9.956274219821870108e-01,9.341325707363122566e-02,7.714537455829262601e-16,1.435407470251063966e+00,-6.672530565418311909e-16,-1.146714165035635105e-15,1.000000000000000000e+00,-6.865475578801277432e-16
2.198937609239589447e-02,-9.997582044369860421e-01,-1.079369786580977502e-15,1.289926758790182815e+00,9.997582044369864862e-01,2.198937609239567936e-02,7.714537455829262601e-16,1.490746830402762013e+00,-7.475325433102757929e-16,-1.096072586305241373e-15,1.000000000000000000e+00,-7.251221455252133803e-16
-4.152689152481306434e-02,-9.991373865891945982e-01,-1.079369786580977502e-15,1.290017939078146769e+00,9.991373865891950423e-01,-4.152689152481330720e-02,7.714537455829262601e-16,1.540123633431000005e+00,-8.156111512786793775e-16,-1.046402631718621759e-15,1.000000000000000000e+00,-7.631156479182978909e-16
-1.248137463649086482e-01,-9.921801896421614808e-01,-1.301222852852003689e-15,1.286208700135034189e+00,9.921801896421618139e-01,-1.248137463649089118e-01,7.622329233605344691e-16,1.595803555033475263e+00,-9.186829055714471324e-16,-1.195910390142110797e-15,1.000000000000000000e+00,-8.101817094173544061e-16
-2.051793803069248689e-01,-9.787243850527407307e-01,-1.301222852852003689e-15,1.277797373440035633e+00,9.787243850527410638e-01,-2.051793803069251465e-01,7.622329233605344691e-16,1.650977487078860717e+00,-1.013000047772375018e-15,-1.117144057609500110e-15,1.000000000000000000e+00,-8.633272930115350426e-16
-2.626944241321415574e-01,-9.648790802633673280e-01,-1.301222852852003689e-15,1.268211817722784129e+00,9.648790802633676611e-01,-2.626944241321418350e-01,7.622329233605344691e-16,1.693053589138143966e+00,-1.077286590036109734e-15,-1.055288370620762075e-15,1.000000000000000000e+00,-9.078720274443726138e-16
-3.173046564056813401e-01,-9.483236552060017033e-01,-1.515469047029510660e-15,1.256038345475369411e+00,9.483236552060020363e-01,-3.173046564056816177e-01,7.039030437381043756e-16,1.734943708042917532e+00,-1.148393292609493607e-15,-1.213803432594349436e-15,1.000000000000000000e+00,-9.556424555239740701e-16
-3.873546850774049477e-01,-9.219307717765925503e-01,-1.515469047029510660e-15,1.236674971469640560e+00,9.219307717765927723e-01,-3.873546850774052253e-01,7.039030437381043756e-16,1.787968816247957671e+00,-1.235973911826034251e-15,-1.124497406299254014e-15,1.000000000000000000e+00,-1.022311584535782130e-15
-4.386848583845943672e-01,-8.986409711470357831e-01,-1.515469047029510660e-15,1.216570671376476342e+00,8.986409711470358941e-01,-4.386848583845946448e-01,7.039030437381043756e-16,1.833207216929922945e+00,-1.297369439100541702e-15,-1.053070969107137245e-15,1.000000000000000000e+00,-1.084622476973044277e-15
-4.711658342271868860e-01,-8.820446455010075848e-01,-1.515469047029510660e-15,1.188189173197200743e+00,8.820446455010076958e-01,-4.711658342271872191e-01,7.039030437381043756e-16,1.888763705039759877e+00,-1.334911148470195989e-15,-1.005056293536974702e-15,1.000000000000000000e+00,-1.166740140051974965e-15
-4.936383255106234214e-01,-8.696672947668360187e-01,-1.711322301866021233e-15,1.161052434506236075e+00,8.696672947668361298e-01,-4.936383255106238099e-01,5.992832122229557586e-16,1.938519911310998323e+00,-1.365951285475246299e-15,-1.192451875349610273e-15,1.000000000000000000e+00,-1.242932981756578192e-15
-5.118929402894170089e-01,-8.590492521863075659e-01,-1.904427232748744183e-15,1.138865393059133035e+00,8.590492521863076769e-01,-5.118929402894174530e-01,4.896734852590952416e-16,1.977020997466867103e+00,-1.395516497066281793e-15,-1.385336389985003561e-15,1.000000000000000000e+00,-1.303975215182993261e-15
-5.302152565720815725e-01,-8.478630677758057788e-01,-1.904427232748744183e-15,1.112592277885316783e+00,8.478630677758058898e-01,-5.302152565720820165e-01,4.896734852590952416e-16,2.020637597150948928e+00,-1.424932437254982582e-15,-1.355061163290942671e-15,1.000000000000000000e+00,-1.375368343591608371e-15
-5.478552759734796052e-01,-8.365731268622136341e-01,-2.092690652663548193e-15,1.082148324940183315e+00,8.365731268622137451e-01,-5.478552759734801603e-01,3.719420480883232051e-16,2.068593991895523398e+00,-1.457648337222894299e-15,-1.546918349452502133e-15,1.000000000000000000e+00,-1.456863929680318115e-15
-5.661185281140147518e-01,-8.243238514843668208e-01,-2.092690652663548193e-15,1.058829660669903250e+00,8.243238514843670428e-01,-5.661185281140153069e-01,3.719420480883232051e-16,2.103737510677850864e+00,-1.491311653692995399e-15,-1.514491533961476257e-15,1.000000000000000000e+00,-1.518734032784261878e-15
-6.246976608042161816e-01,-7.808667188360248756e-01,-2.092690652663548193e-15,1.026504975518393925e+00,7.808667188360250977e-01,-6.246976608042167367e-01,3.719420480883232051e-16,2.148448191002826135e+00,-1.597736122193647359e-15,-1.401761156088699946e-15,1.000000000000000000e+00,-1.603009381262611226e-15
-6.757188764959090044e-01,-7.371594128457599204e-01,-2.092690652663548193e-15,9.978072226347443063e-01,7.371594128457600315e-01,-6.757188764959095595e-01,3.719420480883232051e-16,2.182812404228688052e+00,-1.688251158452741590e-15,-1.291318349929442652e-15,1.000000000000000000e+00,-1.675846396322844071e-15
-7.218810188775355297e-01,-6.920171924051671253e-01,-2.092690652663548193e-15,9.765721854397132473e-01,6.920171924051672363e-01,-7.218810188775360848e-01,3.719420480883232051e-16,2.205044012864760816e+00,-1.768063952395766682e-15,-1.179680005391369939e-15,1.000000000000000000e+00,-1.728553630218247236e-15
-7.739507437565589232e-01,-6.332458023853518858e-01,-2.092690652663548193e-15,9.505373855121664883e-01,6.332458023853519968e-01,-7.739507437565594783e-01,3.719420480883232051e-16,2.228760213133851309e+00,-1.855170227763893781e-15,-1.037322746737959340e-15,1.000000000000000000e+00,-1.791857464771548598e-15
-8.270805742750966250e-01,-5.620833778513426582e-01,-2.092690652663548193e-15,9.190114693357203102e-01,5.620833778513426582e-01,-8.270805742750971801e-01,3.719420480883232051e-16,2.253158422269530003e+00,-1.939886229539526055e-15,-8.686405881171125178e-16,1.000000000000000000e+00,-1.866906174746263774e-15
-8.702697385592864654e-01,-4.925754583289244648e-01,-2.092690652663548193e-15,8.854376499714774473e-01,4.925754583289243538e-01,-8.702697385592870205e-01,3.719420480883232051e-16,2.274569301910612129e+00,-2.004414871987873941e-15,-7.071181484273731249e-16,1.000000000000000000e+00,-1.945129399129105671e-15
-8.997101967356334606e-01,-4.364877568614342618e-01,-2.092690652663548193e-15,8.583790204414030178e-01,4.364877568614341508e-01,-8.997101967356340158e-01,3.719420480883232051e-16,2.289255953907319174e+00,-2.045163269067262786e-15,-5.787937955262036428e-16,1.000000000000000000e+00,-2.007217323643793875e-15
-9.338928060088912408e-01,-3.575531105791671105e-01,-2.092690652663548193e-15,8.182199478853408037e-01,3.575531105791669439e-01,-9.338928060088917960e-01,3.719420480883232051e-16,2.307342021794534404e+00,-2.087337781973706041e-15,-4.008940493779011867e-16,1.000000000000000000e+00,-2.097984808533337722e-15
-9.561515394152777514e-01,-2.928723846213454607e-01,-2.092690652663548193e-15,7.892623106891232254e-01,2.928723846213452386e-01,-9.561515394152783065e-01,3.719420480883232051e-16,2.317793572435569160e+00,-2.109860943628789116e-15,-2.572583398674518598e-16,1.000000000000000000e+00,-2.162471556368209750e-15
-9.805462006979005496e-01,-1.962884313883812570e-01,-2.092690652663548193e-15,7.467720163464237615e-01,1.962884313883809795e-01,-9.805462006979011047e-01,3.719420480883232051e-16,2.329202615095640638e+00,-2.124987789891891984e-15,-4.606460345965464083e-17,1.000000000000000000e+00,-2.255634100861813957e-15
-9.909363693400082829e-01,-1.343320956407715039e-01,-2.136275439862535572e-15,7.165582415820359596e-01,1.343320956407711986e-01,-9.909363693400088380e-01,1.542170543436172467e-16,2.334655607595019777e+00,-2.137629328381136046e-15,-1.341510687810707171e-16,1.000000000000000000e+00,-2.320890382091359462e-15
-9.991155062010532717e-01,-4.205003292046136792e-02,-2.136275439862535572e-15,6.775067982620331941e-01,4.205003292046100710e-02,-9.991155062010537158e-01,1.542170543436172467e-16,2.338748176912768706e+00,-2.140870749695181661e-15,6.425019774196565152e-17,1.000000000000000000e+00,-2.405060958811321414e-15
-9.996708941621379463e-01,2.565352539263335632e-02,-2.145612422809443833e-15,6.472390335947613149e-01,-2.565352539263374837e-02,-9.996708941621382793e-01,-6.763115350526849221e-17,2.339411758836657196e+00,-2.146641266749089101e-15,-1.256637292653715304e-17,1.000000000000000000e+00,-2.469823576739170986e-15
-9.916936263512049488e-01,1.286225153478016414e-01,-2.151308649720185211e-15,6.038063075958270964e-01,-1.286225153478020578e-01,-9.916936263512052818e-01,1.543403752440163873e-16,2.336597630534607895e+00,-2.113587428958116461e-15,4.297650962346373041e-16,1.000000000000000000e+00,-2.563203695942142539e-15
-9.790809997632552442e-01,2.034708723689543364e-01,-2.151308649720185211e-15,5.719942917155409479e-01,-2.034708723689547805e-01,-9.790809997632555772e-01,1.543403752440163873e-16,2.331675560541553338e+00,-2.074901652774726678e-15,5.888403765911908717e-16,1.000000000000000000e+00,-2.630881486740732417e-15
-9.485449445268053781e-01,3.166425243277319335e-01,-2.151308649720185211e-15,5.209195708885546727e-01,-3.166425243277324331e-01,-9.485449445268057111e-01,1.543403752440163873e-16,2.318972296703456948e+00,-1.991742217785915824e-15,8.275945841295659138e-16,1.000000000000000000e+00,-2.738562038419913677e-15
-9.254082743317842974e-01,3.789716688596491134e-01,-2.151308649720185211e-15,4.939874315145125205e-01,-3.789716688596496130e-01,-9.254082743317846305e-01,1.543403752440163873e-16,2.309443060204383169e+00,-1.932348195513949055e-15,9.581128895309424921e-16,1.000000000000000000e+00,-2.795030636873704261e-15
-8.820446455008783548e-01,4.711658342274280820e-01,-2.151308649720185211e-15,4.500955122678679254e-01,-4.711658342274285816e-01,-8.820446455008785769e-01,1.543403752440163873e-16,2.289499703648329554e+00,-1.824830363648593357e-15,1.149758236194674318e-15,1.000000000000000000e+00,-2.886377637267344219e-15
-8.210495883186879063e-01,5.708568765651433896e-01,-2.151308649720185211e-15,4.041378171969010613e-01,-5.708568765651438337e-01,-8.210495883186881283e-01,1.543403752440163873e-16,2.262806116493839781e+00,-1.678224816659499474e-15,1.354810437861893036e-15,1.000000000000000000e+00,-2.981126925936685303e-15
-7.871503601666235417e-01,6.167611454117009062e-01,-2.151308649720185211e-15,3.806130339014352493e-01,-6.167611454117012393e-01,-7.871503601666236527e-01,1.543403752440163873e-16,2.245927542289591905e+00,-1.598212231838045301e-15,1.448332668897100788e-15,1.000000000000000000e+00,-3.029130950246746427e-15
-7.213977238592937935e-01,6.925209917472743282e-01,-2.151308649720185211e-15,3.435448126826242121e-01,-6.925209917472746612e-01,-7.213977238592939045e-01,1.543403752440163873e-16,2.214632815739635774e+00,-1.445065213496319988e-15,1.601167195059335411e-15,1.000000000000000000e+00,-3.104046095345636974e-15
-6.758475247911350792e-01,7.370414664275641847e-01,-2.151308649720185211e-15,3.154683720662424529e-01,-7.370414664275645178e-01,-6.758475247911351902e-01,1.543403752440163873e-16,2.186449280461268962e+00,-1.340201369476316182e-15,1.689914242512072241e-15,1.000000000000000000e+00,-3.159932763813331478e-15
-6.447909042601690510e-01,7.643590058234099871e-01,-2.314964730946459525e-15,2.726483041125351003e-01,-7.643590058234102091e-01,-6.447909042601691620e-01,3.044086718758243526e-16,2.138189452905339571e+00,-1.259990692398336993e-15,1.965744083065944121e-15,1.000000000000000000e+00,-3.244397065358127231e-15
-6.399755989653419519e-01,7.683952321097197169e-01,-2.314964730946459525e-15,2.357129028127413761e-01,-7.683952321097200500e-01,-6.399755989653419519e-01,3.044086718758243526e-16,2.094249601238271197e+00,-1.247614768188866379e-15,1.973621983875395504e-15,1.000000000000000000e+00,-3.316525544802110581e-15
-6.348653709847140725e-01,7.726227803556142693e-01,-2.314964730946459525e-15,2.050811349406845563e-01,-7.726227803556146023e-01,-6.348653709847140725e-01,3.044086718758243526e-16,2.057324525775573232e+00,-1.234497868299793169e-15,1.981853011250450142e-15,1.000000000000000000e+00,-3.376196693891946369e-15
-6.263317329251898435e-01,7.795566434396714595e-01,-2.314964730946459525e-15,1.666381111352120969e-01,-7.795566434396717925e-01,-6.263317329251898435e-01,3.044086718758243526e-16,2.010148964155751283e+00,-1.212632069112945404e-15,1.995306946311285452e-15,1.000000000000000000e+00,-3.450779810378491194e-15
-6.184083953579253556e-01,7.858568931751087616e-01,-2.314964730946459525e-15,1.344737646638120288e-01,-7.858568931751090947e-01,-6.184083953579253556e-01,3.044086718758243526e-16,1.969852861659696863e+00,-1.192371971438894447e-15,2.007479869579302902e-15,1.000000000000000000e+00,-3.512972655011128345e-15
-6.069598019613546835e-01,7.947325328706705827e-01,-2.314964730946459525e-15,1.032656543159414658e-01,-7.947325328706709158e-01,-6.069598019613546835e-01,3.044086718758243526e-16,1.929726838553099011e+00,-1.163167059815112365e-15,2.024541611328420528e-15,1.000000000000000000e+00,-3.573003620384395765e-15
-5.993030699917434312e-01,8.005222234881864685e-01,-2.314964730946459525e-15,7.817969139634005360e-02,-8.005222234881868015e-01,-5.993030699917433202e-01,3.044086718758243526e-16,1.896674089857609768e+00,-1.143679563319701973e-15,2.035613765301283010e-15,1.000000000000000000e+00,-3.621015196452864748e-15
-5.922944647677350627e-01,8.057215815686586957e-01,-2.492716371794601631e-15,6.343721856762803146e-02,-8.057215815686590288e-01,-5.922944647677350627e-01,4.374806852824994088e-16,1.876919345870522005e+00,-1.123934479598297123e-15,2.267552765820056244e-15,1.000000000000000000e+00,-3.649122179557457732e-15
-5.656868355729429698e-01,8.246201574418786651e-01,-2.492716371794601631e-15,3.392196392589849618e-02,-8.246201574418789981e-01,-5.656868355729429698e-01,4.374806852824994088e-16,1.835953091619743294e+00,-1.049341444765919276e-15,2.303021231448953949e-15,1.000000000000000000e+00,-3.704773393037495337e-15
-5.222009053254403899e-01,8.528224988104434745e-01,-2.492716371794601631e-15,6.122757289934662589e-03,-8.528224988104438076e-01,-5.222009053254403899e-01,4.374806852824994088e-16,1.794061958796342449e+00,-9.286053748667607628e-16,2.354297414936491262e-15,1.000000000000000000e+00,-3.755742369047022237e-15
-4.713197728827720479e-01,8.819623981155492176e-01,-2.492716371794601631e-15,-1.521783753126788180e-02,-8.819623981155495507e-01,-4.713197728827719923e-01,4.374806852824994088e-16,1.757885363878700202e+00,-7.890249998944111031e-16,2.404675406317806240e-15,1.000000000000000000e+00,-3.793111857605911559e-15
-3.682868236861115974e-01,9.297122218725498710e-01,-2.492716371794601631e-15,-4.619060181680588462e-02,-9.297122218725502041e-01,-3.682868236861115419e-01,4.374806852824994088e-16,1.693686222705417466e+00,-5.113034549782828711e-16,2.478627248525956511e-15,1.000000000000000000e+00,-3.842232289945171504e-15
-3.169736096769410483e-01,9.484343576486296001e-01,-2.492716371794601631e-15,-5.769053568372092822e-02,-9.484343576486299332e-01,-3.169736096769409373e-01,4.374806852824994088e-16,1.663478622484916070e+00,-3.752035935389518578e-16,2.502847682861172528e-15,1.000000000000000000e+00,-3.857683121724581119e-15
-2.422605779566177897e-01,9.702112204917668903e-01,-2.492716371794601631e-15,-7.164705849760176493e-02,-9.702112204917673344e-01,-2.422605779566176232e-01,4.374806852824994088e-16,1.617188269412817014e+00,-1.794382393033737564e-16,2.524445717080046162e-15,1.000000000000000000e+00,-3.871904264027981849e-15
-1.978284269631829517e-01,9.802366619777445056e-01,-2.492716371794601631e-15,-7.946783318404665453e-02,-9.802366619777449497e-01,-1.978284269631827574e-01,4.374806852824994088e-16,1.583938034451341181e+00,-6.429555207644380844e-17,2.529998091341428032e-15,1.000000000000000000e+00,-3.876852901552248847e-15
-1.372716674305419771e-01,9.905334367505405080e-01,-2.492716371794601631e-15,-8.785442329106218917e-02,-9.905334367505409521e-01,-1.372716674305417550e-01,4.374806852824994088e-16,1.536361309814053833e+00,9.115991391720160994e-17,2.529172617735430762e-15,1.000000000000000000e+00,-3.876688156553649548e-15
-1.010562971829721823e-01,9.948807088287847655e-01,-2.492716371794601631e-15,-9.189738846795474092e-02,-9.948807088287852096e-01,-1.010562971829719325e-01,4.374806852824994088e-16,1.504334360409394833e+00,1.833364078118217700e-16,2.524165609023849469e-15,1.000000000000000000e+00,-3.872754950267626944e-15
-8.593859658171838778e-02,9.963004354197396717e-01,-2.492716371794601631e-15,-9.467878939227135360e-02,-9.963004354197402268e-01,-8.593859658171813798e-02,4.374806852824994088e-16,1.474826534305901937e+00,2.216416505663809659e-16,2.521090882721662765e-15,1.000000000000000000e+00,-3.866779089903242520e-15
-7.793710030118136678e-02,9.969582781624524159e-01,-2.492716371794601631e-15,-9.683285079205300461e-02,-9.969582781624528600e-01,-7.793710030118110310e-02,4.374806852824994088e-16,1.449030224671985945e+00,2.418749048376193213e-16,2.519230198020394263e-15,1.000000000000000000e+00,-3.860848512835641662e-15
-7.358632108457410781e-02,9.972888515115548858e-01,-2.492716371794601631e-15,-9.816369016026081640e-02,-9.972888515115553298e-01,-7.358632108457383025e-02,4.374806852824994088e-16,1.431638860775981126e+00,2.528647828762214304e-16,2.518150841746586907e-15,1.000000000000000000e+00,-3.856557532121780389e-15
-7.445659165721438266e-02,9.972242556009098813e-01,-2.492716371794601631e-15,-9.963187475818151284e-02,-9.972242556009104364e-01,-7.445659165721410511e-02,4.374806852824994088e-16,1.411691825537836120e+00,2.506671857086545600e-16,2.518370549029071021e-15,1.000000000000000000e+00,-3.851490110465798476e-15
-8.576470804444447094e-02,9.963154193597774100e-01,-2.492716371794601631e-15,-1.010118432045034459e-01,-9.963154193597779651e-01,-8.576470804444419338e-02,4.374806852824994088e-16,1.393919359854933093e+00,2.220816605544671067e-16,2.521052160557859377e-15,1.000000000000000000e+00,-3.847154869938389290e-15
-9.810398620688320914e-02,9.951761692737208786e-01,-2.492716371794601631e-15,-1.022081094199679685e-01,-9.951761692737215448e-01,-9.810398620688293159e-02,4.374806852824994088e-16,1.380453666125786683e+00,1.908249399544723084e-16,2.523610529083173139e-15,1.000000000000000000e+00,-3.844245841398271000e-15
-1.177107188092869211e-01,9.930479276839556668e-01,-2.492716371794601631e-15,-1.035702505108385130e-01,-9.930479276839563330e-01,-1.177107188092866574e-01,4.374806852824994088e-16,1.367389725273133738e+00,1.410198520099244015e-16,2.526882993244281592e-15,1.000000000000000000e+00,-3.841941414315693938e-15
