9.999999988214538504e-01,4.854989478685712228e-05,-1.216304632224032836e-09,2.162497490644454956e-02,-4.854989478687001073e-05,9.999999988214537394e-01,-1.059371111185981220e-08,-8.460660465061664581e-04,1.215790307230678648e-09,1.059377015083655831e-08,9.999999999999998890e-01,-2.345040957152377814e-05
9.999998943111306771e-01,-4.597583355995293929e-04,1.033603486087502729e-08,4.003060584987622877e-02,4.597583355995608890e-04,9.999998943111307881e-01,-3.050338685115621103e-09,-1.772254460878474724e-03,-1.033463134983430779e-08,3.055090440913112208e-09,9.999999999999998890e-01,-4.676224868812957542e-05
9.999999891697182175e-01,-1.471752798776174056e-04,-1.347719104868821169e-08,6.824809882661460325e-02,1.471752798769406466e-04,9.999999891697171073e-01,-5.019290601122602015e-08,-2.443109793957060419e-03,1.348457805771649494e-08,5.019092195825816758e-08,9.999999999999985567e-01,-7.049667793014550315e-05
9.999999861877457707e-01,1.662062183908912145e-04,-3.054779333710164312e-08,9.419796867273334817e-02,-1.662062183936525962e-04,9.999999861877422180e-01,-9.040839543662932599e-08,-3.178921398771204776e-03,3.053276647765133961e-08,9.041347142109643923e-08,9.999999999999954481e-01,-9.413291188850327854e-05
9.999998840318898852e-01,4.815975544890365042e-04,-4.602565436633996982e-08,1.451550466628796776e-01,-4.815975544949904546e-04,9.999998840318825577e-01,-1.294334808635189472e-07,-2.993386508033393355e-03,4.596331418097861482e-08,1.294556316959496685e-07,9.999999999999905631e-01,-9.666251181079932569e-05
9.999996259078296479e-01,8.649764089883788020e-04,-1.121268007153007533e-07,1.856669135177115848e-01,-8.649764090151362611e-04,9.999996259078073324e-01,-2.388053276097599555e-07,-3.394142245194585288e-03,1.119201977948168722e-07,2.389022253119938126e-07,9.999999999999651390e-01,-1.209240022998705902e-04
9.999981600179007613e-01,-1.918322390534031195e-03,-1.371645589638421878e-07,2.056895009565793686e-01,1.918322390494648201e-03,9.999981600178691199e-01,-2.866749531518662107e-07,-4.296944287784167614e-03,1.377142415649412624e-07,2.864112998304415659e-07,9.999999999999494849e-01,-1.443034499742243892e-04
9.999986921054000444e-01,-1.617339625661755233e-03,-1.561413404282912621e-07,2.327890094960138045e-01,1.617339625610804020e-03,9.999986921053591882e-01,-3.258871559507730609e-07,-4.956327132975259231e-03,1.566682064226823743e-07,3.256341961476510899e-07,9.999999999999346079e-01,-1.679858960668860544e-04
9.999991482273878907e-01,-1.305199015159247715e-03,-1.715126102368690811e-07,2.753226479813578043e-01,1.305199015096735219e-03,9.999991482273362653e-01,-3.640820373542857635e-07,-8.504692356661491467e-03,1.719876636637082959e-07,3.638578691492200765e-07,9.999999999999188427e-01,1.928631440448658196e-02
9.999995181872511907e-01,-9.816441410737568925e-04,-2.138985168337999034e-07,3.053313636949379073e-01,9.816441409809264183e-04,9.999995181871799144e-01,-4.336648861932586361e-07,-9.105283353333663149e-03,2.143241183694734540e-07,4.334547050221734444e-07,9.999999999998828715e-01,1.926250812475664015e-02
9.999997945493139806e-01,-6.410158085257437396e-04,-2.510033517831236666e-07,3.647820307570579512e-01,6.410158083996953709e-04,9.999997945492192786e-01,-5.019350421808295380e-07,-8.366152872453368194e-03,2.513250485111801462e-07,5.017740419414765586e-07,9.999999999998423483e-01,1.926079751371763057e-02
9.999928004079003951e-01,-3.794618859208616184e-03,-2.799851170562023596e-07,3.930750658961075783e-01,3.794618859051206942e-03,9.999928004077828225e-01,-5.606047099776904391e-07,-9.029989078100045946e-03,2.821103824825753551e-07,5.595382370470145672e-07,9.999999999998034905e-01,1.923706689972684916e-02
9.999939179933486910e-01,-3.487689238779514370e-03,-2.924571299394007000e-07,4.213955769442754851e-01,3.487689238605172059e-03,9.999939179932151312e-01,-5.945287394616847798e-07,-9.603871605272588929e-03,2.945288826999179343e-07,5.935051239490941334e-07,9.999999999997802869e-01,1.921333602622282352e-02
9.999949676722158509e-01,-3.172480125492807210e-03,-3.122323659399945354e-07,4.500070673429440449e-01,3.172480125293025179e-03,9.999949676720611969e-01,-6.382744613688566896e-07,-1.017826498998270976e-02,3.142557077276385721e-07,6.372806983871331168e-07,9.999999999997473132e-01,1.918959303842244363e-02
9.999958958057888481e-01,-2.865025561482645745e-03,-3.315251167449599413e-07,4.793797240700188311e-01,2.865025561256860209e-03,9.999958958056133218e-01,-6.795309876208967276e-07,-1.074052285124132630e-02,3.334706297507904032e-07,6.785783707600783932e-07,9.999999999997138955e-01,1.916581806578724831e-02
9.999967101619221532e-01,-2.565085809693467590e-03,-3.490039832940739681e-07,5.086987898623512860e-01,2.565085809442745838e-03,9.999967101617263099e-01,-7.169503942206225665e-07,-1.131327909133681905e-02,3.508418744098816838e-07,7.160528104049293268e-07,9.999999999996819211e-01,1.914204591093648586e-02
9.999974714163273326e-01,-2.248813201118235894e-03,-3.722694792174626334e-07,5.388696519989822908e-01,2.248813200833097228e-03,9.999974714161045108e-01,-7.645984969252527353e-07,-1.187167511167889697e-02,3.739879770962935603e-07,7.637593990548459077e-07,9.999999999996382893e-01,1.911823788386706954e-02
9.999981309690009201e-01,-1.933405893335093636e-03,-3.959680972563684945e-07,5.837583125926759653e-01,1.933405893012896505e-03,9.999981309687495656e-01,-8.124636810513270428e-07,-1.538619194757318530e-02,3.975381792486860246e-07,8.116965954788412037e-07,9.999999999995914379e-01,3.874574850750923949e-02
9.999987074412246546e-01,-1.607829500327331721e-03,-4.219210112716461894e-07,6.153489232723773350e-01,1.607829499961804234e-03,9.999987074409395493e-01,-8.652519000097675660e-07,-1.592594914277920340e-02,4.233116434438703852e-07,8.645724045722552514e-07,9.999999999995364819e-01,3.872188129787095673e-02
9.999991476525242895e-01,-1.305639320774630531e-03,-4.347236592799354979e-07,6.441230031555167379e-01,1.305639320383746591e-03,9.999991476522155365e-01,-8.982250108189068157e-07,-1.654983463956368264e-02,4.358960466372161985e-07,8.976566529160294824e-07,9.999999999995018429e-01,3.869813483773540397e-02
9.999995189616939228e-01,-9.808548160449201934e-04,-4.590278972851878899e-07,6.757099757213493874e-01,9.808548156089533926e-04,9.999995189613488655e-01,-9.490213139285087905e-07,-1.710950860545304084e-02,4.599585286013236228e-07,9.485706176893527262e-07,9.999999999994440003e-01,3.867426892852855735e-02
9.999997846018253700e-01,-6.563505679137954067e-04,-4.849077875256016108e-07,7.057619308802887126e-01,6.563505674279630038e-04,9.999997846014413438e-01,-1.001384903627621803e-06,-1.771872095262984684e-02,4.855649426273596594e-07,1.001066418429648972e-06,9.999999999993807176e-01,3.865046906719901698e-02
9.999999426981821538e-01,-3.385312007457718275e-04,-5.084948943645780029e-07,7.363161084441047777e-01,3.385312002119009742e-04,9.999999426977603800e-01,-1.049621070679874663e-06,-1.832499055223205456e-02,5.088501947080673151e-07,1.049448869147788817e-06,9.999999999993195443e-01,3.862664857404257690e-02
9.999999998350230790e-01,-1.815682921427386168e-05,-5.323311977717676681e-07,7.666094875591031865e-01,1.815682862937116385e-05,9.999999998345608931e-01,-1.098739251952033626e-06,-1.894747260647391615e-02,5.323511473046483208e-07,1.098729586324435562e-06,9.999999999992542632e-01,3.860283983858371626e-02
9.999999822652543280e-01,1.883325610899403639e-04,-5.808465589761131695e-07,8.019355976914822604e-01,-1.883325617745354582e-04,9.999999822647279712e-01,-1.178784863860009157e-06,-1.945570535912460527e-02,5.806245451022569839e-07,1.178894235275009999e-06,9.999999999991360244e-01,3.857881798306965482e-02
9.999999958859085991e-01,-9.070716294020948582e-05,-6.271457297094300819e-07,8.391626935995418757e-01,9.070716214896558437e-05,9.999999958853094117e-01,-1.261570451544705906e-06,-1.992480398310444295e-02,6.272601606054286753e-07,1.261513559745094720e-06,9.999999999990070165e-01,3.855471713108218207e-02
9.999999806720231144e-01,1.966102065080871635e-04,-6.167761052850692565e-07,8.865744489644220572e-01,-1.966102072890020742e-04,9.999999806714111594e-01,-1.266317137294147084e-06,-1.992966225275389497e-02,6.165271224897897788e-07,1.266438377296710393e-06,9.999999999990075716e-01,3.855187864652821067e-02
9.999998615800846924e-01,5.261553023436285875e-04,-6.399715493787106939e-07,9.197610046033338760e-01,-5.261553031861401948e-04,9.999998615794214452e-01,-1.317026309291224419e-06,-2.049771379268244473e-02,6.392785004175194830e-07,1.317362851413148689e-06,9.999999999989275246e-01,3.852795037446161974e-02
9.999996339847531113e-01,8.555874688199433626e-04,-6.658336467955580318e-07,9.509183584380140886e-01,-8.555874697318466195e-04,9.999996339840346860e-01,-1.370487444585421982e-06,-2.112556868845723648e-02,6.646608312060512142e-07,1.371056621891246341e-06,9.999999999988388177e-01,3.850410879383475704e-02
9.999992979908154389e-01,1.184912391884022833e-03,-7.073488806944562189e-07,9.820295178120106439e-01,-1.184912392901923657e-03,9.999992979900268475e-01,-1.440354798486075301e-06,-2.176478023094172501e-02,7.056416898790522717e-07,1.441191933798618371e-06,9.999999999987121413e-01,3.848026991817508208e-02
9.999995743795095926e-01,-9.226268020955159408e-04,-7.641841332697841908e-07,1.027934244743958114e+00,9.226268009266350850e-04,9.999995743786342928e-01,-1.528520524176272612e-06,-2.206769412319000562e-02,7.655940620198483969e-07,1.527814816844420453e-06,9.999999999985393906e-01,3.845580653718290443e-02
9.999995260935816699e-01,-9.735563541293843328e-04,-7.986233413815783206e-07,1.090577237688438172e+00,9.735563528579934626e-04,9.999995260926363150e-01,-1.590822601576264690e-06,-2.184648476776203385e-02,8.001717183601537334e-07,1.590044342847681077e-06,9.999999999984153787e-01,3.843063892908296642e-02
9.999990650411015869e-01,-1.367448790247179817e-03,-8.537911353008405978e-07,1.146488501079129252e+00,1.367448788804873690e-03,9.999990650400439884e-01,-1.687598353508375627e-06,-2.179431388743711603e-02,8.560980413672469472e-07,1.686429260019419193e-06,9.999999999982110976e-01,3.840575758484046642e-02
9.999774805048883275e-01,6.711071616542219932e-03,-9.238113874408396346e-07,1.205065435313791955e+00,-6.711071618227142967e-03,9.999774805036237835e-01,-1.833026260502219422e-06,-2.165086838274716402e-02,9.114890131644152734e-07,1.839184746059156403e-06,9.999999999978929077e-01,3.838076702553332165e-02
9.995841090592726408e-01,2.883763019369366479e-02,-9.960345281113640472e-07,1.261386138600557816e+00,-2.883763019563824123e-02,9.995841090577189947e-01,-1.996491631570473824e-06,-2.202100511395567103e-02,9.380461990168901959e-07,2.024384584171428488e-06,9.999999999975105469e-01,3.835587462419185606e-02
9.985502885100165926e-01,5.382677136289990005e-02,-1.099508739626358268e-06,1.330234599638928206e+00,-5.382677136521135663e-02,9.985502885080879132e-01,-2.193643467546950215e-06,-2.278785274003143624e-02,9.798380237916957484e-07,2.249646322949040413e-06,9.999999999969890752e-01,3.835511075063387232e-02
9.959637033200483547e-01,8.975690317502324489e-02,-1.201873445279338130e-06,1.399997889052193356e+00,-8.975690317769349780e-02,9.959637033176630405e-01,-2.390926229958732044e-06,-2.527302268673274274e-02,9.824201933585390845e-07,2.489152180814519156e-06,9.999999999964189756e-01,3.835444177848912339e-02
9.931189138842140274e-01,1.171103022106375208e-01,-1.253938690600029805e-06,1.459821331138360323e+00,-1.171103022134893507e-01,9.931189138814896511e-01,-2.513089651016119425e-06,-3.056418247415758696e-02,9.510015419697558028e-07,2.642646003724143736e-06,9.999999999960554886e-01,3.832939652215611170e-02
9.895475111011171609e-01,1.442072233690721017e-01,-1.329292327023950000e-06,1.507781790693587309e+00,-1.442072233721821972e-01,9.895475110979992106e-01,-2.653451072114169511e-06,-3.641028249807867767e-02,9.327511022729458438e-07,2.817409459769238500e-06,9.999999999955956342e-01,3.830484282846077088e-02
9.817723434069129951e-01,1.900606895683759068e-01,-1.446378292677971163e-06,1.552566407237355284e+00,-1.900606895718436051e-01,9.817723434031911944e-01,-2.842863855135027416e-06,-4.320305697410613266e-02,8.796975411939840936e-07,3.065944764730847886e-06,9.999999999949125140e-01,3.828041513048552336e-02
9.732734828533187166e-01,2.296491401506018659e-01,-1.630987327067842270e-06,1.600416884804780393e+00,-2.296491401547003930e-01,9.732734828488691647e-01,-3.072264062885595473e-06,-5.264763523109231708e-02,8.818539159404156687e-07,3.364707981994093742e-06,9.999999999939499506e-01,3.825583862602755653e-02
9.622300673632391277e-01,2.722375753985650793e-01,-1.801967776341364933e-06,1.655622375059036866e+00,-2.722375754032279049e-01,9.622300673580246322e-01,-3.277690725683249068e-06,-6.937900270985163098e-02,8.415969987395710764e-07,3.644455906155975966e-06,9.999999999930043737e-01,5.881767666943320261e-02
9.423656205265577013e-01,3.345848730081461553e-01,-1.928383448174384735e-06,1.702536896420367984e+00,-3.345848730130517867e-01,9.423656205204444802e-01,-3.457977122877626918e-06,-8.283630283703356800e-02,6.602554282171239219e-07,3.903886688295112210e-06,9.999999999921614924e-01,5.879309682278544003e-02
9.242338150519012752e-01,3.818269963089062635e-01,-2.080002873617543488e-06,1.751934064667154622e+00,-3.818269963141909806e-01,9.242338150449579404e-01,-3.622869854852675234e-06,-1.004674725980476135e-01,5.390994764915385744e-07,4.142580076945288014e-06,9.999999999912738691e-01,5.876835403452512069e-02
8.905617869679574028e-01,4.548622907950240490e-01,-2.267402093079499928e-06,1.797768150250790731e+00,-4.548622908005879872e-01,8.905617869598091429e-01,-3.820019012236070405e-06,-1.195718371835783195e-01,2.816790609830480122e-07,4.433318668012716434e-06,9.999999999901327818e-01,5.874372330445364054e-02
8.459891985161827055e-01,5.332000337469147144e-01,-2.497074672170396572e-06,1.839104788319540384e+00,-5.332000337527609268e-01,8.459891985066513298e-01,-4.015946419829533979e-06,-1.409465316171578664e-01,-2.880456605821509164e-08,4.728887592479942038e-06,9.999999999888179447e-01,5.871921283574011580e-02
8.119148135275191525e-01,5.837759292460193983e-01,-2.742225141967301264e-06,1.881322614991178588e+00,-5.837759292524234978e-01,8.119148135168527958e-01,-4.166895870334209896e-06,-1.677298170767727858e-01,-2.060802940141467050e-07,4.984009514022311321e-06,9.999999999875580636e-01,5.869453917939917303e-02
7.632689563229361207e-01,6.460808775264023085e-01,-2.899860907910850245e-06,1.926742144227616027e+00,-6.460808775326689624e-01,7.632689563110869324e-01,-4.289490341838948631e-06,-2.003888172395572598e-01,-5.579838755678992203e-07,5.147579496478455678e-06,9.999999999865949452e-01,5.866960022708668510e-02
7.056917525515021827e-01,7.085189837759365838e-01,-3.146904416556319619e-06,1.969266582416013822e+00,-7.085189837823420156e-01,7.056917525382637724e-01,-4.417075377807795380e-06,-2.363934370313028610e-01,-9.088372651560583650e-07,5.346735183795921525e-06,9.999999999852926535e-01,5.864465127587027010e-02
6.600068850633786788e-01,7.512595501269049292e-01,-3.472160493550918407e-06,2.005197281053523017e+00,-7.512595501341177151e-01,6.600068850488270966e-01,-4.519602942792831921e-06,-2.726412344800019927e-01,-1.103745041816638789e-06,5.591462790374498331e-06,9.999999999837581033e-01,5.861988789092967278e-02
6.196027711263911719e-01,7.849155406783884237e-01,-3.748262958604433246e-06,2.039983266277358709e+00,-7.849155406862933226e-01,6.196027711107111591e-01,-4.590298215535612708e-06,-3.123563512694064181e-01,-1.280562289719237876e-06,5.786231341429800452e-06,9.999999999824393804e-01,5.859503720624886780e-02
5.979797690143613398e-01,8.015111950773268212e-01,-3.904610015102049970e-06,2.063602852402072863e+00,-8.015111950856602663e-01,5.979797689980386188e-01,-4.626921316661740617e-06,-3.429665692300730706e-01,-1.373651439188158629e-06,5.896393979732897231e-06,9.999999999816723273e-01,5.857080158625822819e-02
5.915735288084632559e-01,8.062510527101556246e-01,-4.107063281481472296e-06,2.097246295601835619e+00,-8.062510527195267951e-01,5.915735287916146223e-01,-4.657383311800104568e-06,-3.880507602343933327e-01,-1.325390279617082393e-06,6.066508775055387935e-06,9.999999999807199780e-01,5.854578353850638239e-02
5.926726045524182140e-01,8.054434702663012535e-01,-4.293103949051623541e-06,2.131497398999296244e+00,-8.054434702768280552e-01,5.926726045352950223e-01,-4.665829208268937557e-06,-4.346550462706919027e-01,-1.213656570152815677e-06,6.223161692244793724e-06,9.999999999798991901e-01,5.852069820349668078e-02
5.974259651292973539e-01,8.019240713245695540e-01,-4.422023934309669287e-06,2.165808801798378536e+00,-8.019240713359999662e-01,5.974259651120479298e-01,-4.672466666933524057e-06,-4.812084031394353034e-01,-1.105131575972144259e-06,6.337580344974078525e-06,9.999999999793064420e-01,5.849561957084219166e-02
6.072853742987984749e-01,7.944837784009087800e-01,-4.536984782896187111e-06,2.201808008179683362e+00,-7.944837784132857683e-01,6.072853742815713662e-01,-4.673426804771194958e-06,-5.293604533906534071e-01,-9.577172839438014519e-07,6.442664559312456090e-06,9.999999999787870797e-01,5.847044650071361871e-02
6.133031801145256701e-01,7.898475860827289807e-01,-4.549291747092267755e-06,2.238497333244330534e+00,-7.898475860953144689e-01,6.133031800973713921e-01,-4.675065798224189455e-06,-5.771862002787730983e-01,-9.024943398228894843e-07,6.460479826179711277e-06,9.999999999787234639e-01,5.844527544314682965e-02
6.203655752891715780e-01,7.843127902660664841e-01,-4.603558976925255283e-06,2.275653576674379952e+00,-7.843127902791533490e-01,6.203655752720513838e-01,-4.680387025000579323e-06,-6.248600132975061783e-01,-8.149978940842479244e-07,6.514181175747349276e-06,9.999999999784501270e-01,5.842010047365234215e-02
6.294136964635461684e-01,7.770703949340170835e-01,-4.602816256670213863e-06,2.321816946141169957e+00,-7.770703949472989036e-01,6.294136964465995021e-01,-4.677313889343674272e-06,-6.809112764361261450e-01,-7.375265570473556185e-07,6.520677671052658440e-06,9.999999999784678906e-01,5.841957698572931845e-02
6.555109714912437102e-01,7.551856501763757334e-01,-4.721305301248277715e-06,2.369083570712245290e+00,-7.551856501910160224e-01,6.555109714748367233e-01,-4.657111201448584552e-06,-7.369259623677919535e-01,-4.221161259590799441e-07,6.618249501677786768e-06,9.999999999780098126e-01,5.841912331445073270e-02
7.019629720611512136e-01,7.122134412049799801e-01,-4.694280086280788953e-06,2.419342644752948690e+00,-7.122134412204497167e-01,7.019629720460968114e-01,-4.597426324116780016e-06,-7.940726727997675649e-01,2.086197799689295550e-08,6.570552420611859352e-06,9.999999999784132676e-01,5.839329939557479088e-02
7.337312295802832507e-01,6.794398300925916789e-01,-4.728213711356360499e-06,2.477301630128211585e+00,-6.794398301089439318e-01,7.337312295661735373e-01,-4.565200979311599904e-06,-8.501781207754154357e-01,3.674586823631326790e-07,6.562167248594159122e-06,9.999999999784010551e-01,5.839360460621606519e-02
7.487384438601967229e-01,6.628655539880460301e-01,-4.683173040303805244e-06,2.525416502496365734e+00,-6.628655540044022798e-01,7.487384438466049286e-01,-4.538910783031511014e-06,-8.944188814192802761e-01,4.977840837649424207e-07,6.502771088366743208e-06,9.999999999787326788e-01,5.836829728850649601e-02
7.484827675974126127e-01,6.631542404197581231e-01,-4.797042289211346967e-06,2.576883381562310671e+00,-6.631542404368754307e-01,7.484827675836264183e-01,-4.576730848125839278e-06,-9.447857196761125786e-01,5.554250196500331230e-07,6.606783107399202206e-06,9.999999999780205817e-01,7.998643007897685009e-02
7.447928836283330689e-01,6.672957069186572499e-01,-4.951994417812213702e-06,2.620483702328324060e+00,-6.672957069367647653e-01,7.447928836141607389e-01,-4.633263912528229785e-06,-9.833431658906459649e-01,5.964530842323521366e-07,6.755266605803906502e-06,9.999999999770049497e-01,7.996143802506200382e-02
7.255422037030399007e-01,6.881776737290243862e-01,-5.161917967811807526e-06,2.662397049026157259e+00,-6.881776737482047102e-01,7.255422036878493852e-01,-4.721146853183415686e-06,-1.020886552381888190e+00,4.962014788652118336e-07,6.977707991032156755e-06,9.999999999755323499e-01,7.993653014336622731e-02
6.777177864931683837e-01,7.353221075428424403e-01,-5.436280071863858586e-06,2.700613400202987791e+00,-7.353221075629257086e-01,6.777177864759594828e-01,-4.831473701614627888e-06,-1.057245198904894323e+00,1.315742721578531045e-07,7.271792582303485947e-06,9.999999999735514900e-01,7.991176579240681643e-02
5.926802070049786986e-01,8.054378760592988407e-01,-5.798407349485979771e-06,2.733893410225438636e+00,-8.054378760799777437e-01,5.926802069845011900e-01,-4.958184494656217701e-06,-1.093597876233397548e+00,-5.569083204122532870e-07,7.608874712878241737e-06,9.999999999708970577e-01,7.988713017128160065e-02
4.938754191690347684e-01,8.695326735109639715e-01,-6.122573446628491742e-06,2.760039729295737043e+00,-8.695326735314535815e-01,4.938754191451637521e-01,-5.043001640913086965e-06,-1.129607738175951281e+00,-1.361266172142643204e-06,7.814392207215637107e-06,9.999999999685407204e-01,7.986266828806927454e-02
4.216781380083650110e-01,9.067455805708286576e-01,-6.408524835552243582e-06,2.786173580695677110e+00,-9.067455805914806932e-01,4.216781379820814801e-01,-5.077779153584488291e-06,-1.175767278821957085e+00,-1.901918986759828154e-06,7.952090031448936361e-06,9.999999999665730721e-01,7.983779283463697529e-02
3.438711157499806936e-01,9.390168559237619395e-01,-6.626957716801750318e-06,2.817603445969175446e+00,-9.390168559437835905e-01,3.438711157212985259e-01,-5.103097781231000072e-06,-1.240089450254485692e+00,-2.513075490088576723e-06,7.977632927516722474e-06,9.999999999650205362e-01,7.983709674737513029e-02
2.446406893568233709e-01,9.696138061432297839e-01,-6.888982514568204435e-06,2.836415426255000316e+00,-9.696138061621931703e-01,2.446406893253078030e-01,-5.109209889263655856e-06,-1.291546722212526532e+00,-3.268635015999608139e-06,7.929573185913425817e-06,9.999999999632186443e-01,7.981208108244815247e-02
1.080296328025960872e-01,9.941476743337908095e-01,-7.297389574742732998e-06,2.845692568214895690e+00,-9.941476743515967884e-01,1.080296327675163981e-01,-5.042631237102957203e-06,-1.329973266359246287e+00,-4.224785800967873135e-06,7.799436475471199865e-06,9.999999999606596912e-01,7.978772769337398596e-02
-2.019171506599957283e-02,9.997961265102542905e-01,-7.601695567409153450e-06,2.848096410980424764e+00,-9.997961265260751906e-01,-2.019171510404096231e-02,-4.961295800921668674e-06,-1.358363919374163675e+00,-5.113775595437850545e-06,7.499968712155746685e-06,9.999999999587997346e-01,7.976385644364271388e-02
-1.318486502491488799e-01,9.912698590018959033e-01,-7.863823331040686410e-06,2.846884006785228571e+00,-9.912698590158062206e-01,-1.318486502895457324e-01,-4.858991681963528120e-06,-1.395861926625362237e+00,-5.853406491784524965e-06,7.154519549847166291e-06,9.999999999572751763e-01,7.973952688449567616e-02
-2.247610799914046276e-01,9.744139042806589934e-01,-8.100679886007214488e-06,2.839744699684276785e+00,-9.744139042930879402e-01,-2.247610800336325154e-01,-4.734663579493518538e-06,-1.449111993375626461e+00,-6.434239584135422538e-06,6.829247015629833115e-06,9.999999999559809893e-01,7.971437995399359433e-02
-2.733105611586575390e-01,9.619258480209113005e-01,-8.269906097636886400e-06,2.826979246320194150e+00,-9.619258480331402961e-01,-2.733105612017956432e-01,-4.613529757004195578e-06,-1.504551608277733488e+00,-6.698126200507258007e-06,6.694110029314807265e-06,9.999999999551619778e-01,7.968904584104903599e-02
-3.119047334552156325e-01,9.501133812218818253e-01,-8.447180568485033951e-06,2.811347123124944947e+00,-9.501133812346089780e-01,-3.119047334990075471e-01,-4.455657121512643141e-06,-1.559686939574785880e+00,-6.868095057317054286e-06,6.636038744969356800e-06,9.999999999543960350e-01,7.966367597947962564e-02
-3.545812256061222079e-01,9.350252159026206655e-01,-8.597602783666252502e-06,2.792393360611023834e+00,-9.350252159152593334e-01,-3.545812256506696292e-01,-4.323492265912544575e-06,-1.617829647673046045e+00,-7.091122822078177493e-06,6.505946212605301779e-06,9.999999999536941520e-01,7.963810508837805557e-02
-3.933011219215346022e-01,9.194097168397615816e-01,-8.711642057519262687e-06,2.770870785546312387e+00,-9.194097168519477226e-01,-3.933011219668062219e-01,-4.227721237574694115e-06,-1.674932857490564198e+00,-7.313306581311537848e-06,6.346800851509669642e-06,9.999999999531166139e-01,7.961252701264850962e-02
-4.298174723132462405e-01,9.029157991841986197e-01,-8.821154204808109907e-06,2.747607307703153090e+00,-9.029157991960061747e-01,-4.298174723591664526e-01,-4.124970016857767366e-06,-1.729524160273111955e+00,-7.515986802983043460e-06,6.191775312651782504e-06,9.999999999525857053e-01,7.958701984610709601e-02
-4.596696874056074855e-01,8.880899607593391032e-01,-8.883017771707507666e-06,2.720727288938104227e+00,-8.880899607701570053e-01,-4.596696874522357423e-01,-4.101913190307260619e-06,-1.786385488286962309e+00,-7.726121926971635457e-06,6.003393750442843618e-06,9.999999999521329563e-01,7.956132154750795993e-02
-5.154927019012184308e-01,8.568939690565614553e-01,-9.004196498993592427e-06,2.688885448795305333e+00,-8.568939690659386210e-01,-5.154927019488101392e-01,-3.992262293946954243e-06,-1.850946463966899769e+00,-8.062543064719280720e-06,5.657659599667168612e-06,9.999999999514930238e-01,7.956024058377346442e-02
-5.612241692491274359e-01,8.276638398331642721e-01,-9.124168391638143647e-06,2.651345351907380632e+00,-8.276638398418504350e-01,-5.612241692973489737e-01,-3.839942653244063969e-06,-1.906365775238641591e+00,-8.298885507249375302e-06,5.396675620855668880e-06,9.999999999510020832e-01,1.008037099011371840e-01
-5.972646551207800858e-01,8.020442205132196634e-01,-9.208637561343092817e-06,2.617266945994120686e+00,-8.020442205211015807e-01,-5.972646551695156569e-01,-3.733510255557676279e-06,-1.956837513145013308e+00,-8.494434060353497163e-06,5.155840819773198557e-06,9.999999999506308246e-01,1.007780643953982286e-01
-6.313994700714171682e-01,7.754577416644256038e-01,-9.286771983599765689e-06,2.580526063959743155e+00,-7.754577416713267501e-01,-6.313994701207068516e-01,-3.646559164622102126e-06,-2.006410349367300672e+00,-8.691415444220285349e-06,4.899063705692349672e-06,9.999999999502290349e-01,1.007523656003684182e-01
-6.664882820131412533e-01,7.455155061107852088e-01,-9.356977746054540349e-06,2.542436433317270428e+00,-7.455155061164492336e-01,-6.664882820629517424e-01,-3.565215427728030674e-06,-2.053364133542335601e+00,-8.894239407265801289e-06,4.599597694636994478e-06,9.999999999498678793e-01,1.007267187774229522e-01
-7.022141283138411127e-01,7.119658123166802133e-01,-9.417191233361885597e-06,2.498961137024127588e+00,-7.119658123206945577e-01,-7.022141283641667453e-01,-3.505419551295763806e-06,-2.102344772788879101e+00,-9.108623611922946279e-06,4.243163071652360069e-06,9.999999999495140512e-01,1.007007989402590037e-01
-7.329135343713907291e-01,6.803217996253267952e-01,-9.476002753779413167e-06,2.454171420458679975e+00,-6.803217996280147561e-01,-7.329135344221109349e-01,-3.433522893551824352e-06,-2.148036143027311162e+00,-9.280991144462058816e-06,3.930255847473076278e-06,9.999999999492079628e-01,1.006749435114545899e-01
-7.620944005509048269e-01,6.474659254031240874e-01,-9.530740003349301591e-06,2.408210629034686079e+00,-6.474659254042666179e-01,-7.620944006020266004e-01,-3.381574537482530753e-06,-2.190929385241402905e+00,-9.452777877377005524e-06,3.593750375995059882e-06,9.999999999488649038e-01,1.006491352833938369e-01
-7.963193750150224792e-01,6.048763947152598908e-01,-9.589319445553818040e-06,2.358046553620063435e+00,-6.048763947142631325e-01,-7.963193750665429338e-01,-3.332590034948230650e-06,-2.233872077434112313e+00,-9.651965913600344337e-06,3.146546960178695952e-06,9.999999999484693314e-01,1.006231502251076076e-01
-8.349887166664943239e-01,5.502670651116051692e-01,-9.649014790852657181e-06,2.311669959454672796e+00,-5.502670651088221732e-01,-8.349887167180252145e-01,-3.179556291130350287e-06,-2.269169688827501030e+00,-9.806423586484732860e-06,2.654641423054289286e-06,9.999999999483935031e-01,1.005975597899162050e-01
-8.824062203580246289e-01,4.704883231060630888e-01,-9.711455804242723520e-06,2.254066949359064154e+00,-4.704883231008111788e-01,-8.824062204092961714e-01,-2.961151875378292685e-06,-2.308658112554947017e+00,-9.962636391202837812e-06,1.956187721947154611e-06,9.999999999484596724e-01,1.005961411546255485e-01
-9.269242009016298578e-01,3.752486185021969289e-01,-9.750385180272486992e-06,2.208842747572951737e+00,-3.752486184946540737e-01,-9.269242009521452275e-01,-2.661186257527462289e-06,-2.332636807689143943e+00,-1.003647445891391113e-05,1.192100623478949510e-06,9.999999999489240787e-01,1.005709081736649024e-01
-9.617785083022634129e-01,2.738285976166929814e-01,-9.754528885099024096e-06,2.170847472231453246e+00,-2.738285976068053906e-01,-9.617785083516455780e-01,-2.361170048879952593e-06,-2.347615908547542318e+00,-1.002825212400290167e-05,4.001463574619904702e-07,9.999999999496370640e-01,1.005462204425457556e-01
-9.855488130078023934e-01,1.693916676935318388e-01,-9.742597881967966328e-06,2.129374437307260948e+00,-1.693916676809600064e-01,-9.855488130558643922e-01,-2.107411461116363588e-06,-2.359091765745450875e+00,-9.958783720569058410e-06,-4.266419612507344385e-07,9.999999999503202952e-01,1.005214171103094162e-01
-9.969670650408291035e-01,7.782461775931970305e-02,-9.720789967399034561e-06,2.080916477746983073e+00,-7.782461774448791447e-02,-9.969670650875750439e-01,-1.895423514716197330e-06,-2.367249103737843807e+00,-9.838818054655360602e-06,-1.133158055088702351e-06,9.999999999509568971e-01,1.004962931904214846e-01
-9.999868146605418451e-01,-5.135212883302523248e-03,-9.680350106890937793e-06,2.027438960040042204e+00,5.135212900031231945e-03,-9.999868147058584844e-01,-1.704070852682305426e-06,-2.371365188332976270e+00,-9.671471702030616548e-06,-1.753759042675381636e-06,9.999999999516936411e-01,1.004709374091864726e-01
-9.956079697917168403e-01,-9.362035246012992418e-02,-9.615613492518131029e-06,1.971137266391361997e+00,9.362035247870156840e-02,-9.956079698352754415e-01,-1.498846624065445882e-06,-2.371083426892529822e+00,-9.433058878777961286e-06,-2.392480768883476619e-06,9.999999999526469896e-01,1.004454499570155701e-01
-9.839774799796864313e-01,-1.782927895393003059e-01,-9.545885296380113207e-06,1.913954164773453925e+00,1.782927895597264945e-01,-9.839774800213940686e-01,-1.326535212993365897e-06,-2.362084362534825122e+00,-9.156424494958669593e-06,-3.007243294294318020e-06,9.999999999535584827e-01,1.210215731856095767e-01
-9.628674227711663258e-01,-2.699746767330299391e-01,-9.429287475017515864e-06,1.870922594099314384e+00,2.699746767550122994e-01,-9.628674228105229549e-01,-1.117905025826805842e-06,-2.353981665007473190e+00,-8.777347682043821011e-06,-3.622063169218731572e-06,9.999999999549197272e-01,1.209967689157252363e-01
-9.376896588450881476e-01,-3.474738891020011655e-01,-9.344301585762616560e-06,1.821515775696861850e+00,3.474738891254507966e-01,-9.376896588824616963e-01,-9.634132993874384007e-07,-2.340009598812720526e+00,-8.427294000497833473e-06,-4.150283501195481723e-06,9.999999999558782937e-01,1.209715891447910585e-01
-9.059708855251598081e-01,-4.233399986956429828e-01,-9.226823340079951305e-06,1.760078606553823199e+00,4.233399987202015047e-01,-9.059708855603164634e-01,-7.983719619056269688e-07,-2.313404606350935477e+00,-8.021250527009046705e-06,-4.629385134287071915e-06,9.999999999571145270e-01,1.422160564749930245e-01
-8.636762044643606639e-01,-5.040470352651312824e-01,-9.081341710833198025e-06,1.713373412665167184e+00,5.040470352908238416e-01,-8.636762044968728791e-01,-6.389784164284558334e-07,-2.291460786453635823e+00,-7.521263564152365831e-06,-5.129293819243947908e-06,9.999999999585608146e-01,1.421909023895192303e-01
-8.169887165523586070e-01,-5.766536542379107066e-01,-8.955297029965681685e-06,1.666289698014426834e+00,5.766536542646987229e-01,-8.169887165823705999e-01,-5.113566656718562833e-07,-2.263940632156541621e+00,-7.021500937246971870e-06,-5.581877383343255537e-06,9.999999999597709577e-01,1.421656254798112917e-01
-7.671877614550728364e-01,-6.414225897133551957e-01,-8.886534052111445635e-06,1.608927252118057982e+00,6.414225897414754796e-01,-7.671877614829145653e-01,-4.181261553756445284e-07,-2.224978907716883114e+00,-6.549444605373121663e-06,-6.020804954679585537e-06,9.999999999604277656e-01,1.421643473662715096e-01
-6.976724969168488499e-01,-7.164168388377070151e-01,-8.694830424432162556e-06,1.574753681907231417e+00,7.164168388665479448e-01,-6.976724969413490296e-01,-2.955349836767799835e-07,-2.196047225769984124e+00,-5.854417813923506831e-06,-6.435309557140430306e-06,9.999999999621567159e-01,1.421396090013798963e-01
-6.306597667453106570e-01,-7.760594426564190185e-01,-8.518345296552027701e-06,1.533132485242767906e+00,7.760594426856413097e-01,-6.306597667668458751e-01,-2.015797245539759725e-07,-2.148145050609907347e+00,-5.215739809274750997e-06,-6.737870525513810206e-06,9.999999999636990378e-01,1.631268017531703751e-01
-5.614886151137689074e-01,-8.274844621065859940e-01,-8.354621316970439136e-06,1.498721321322138200e+00,8.274844621360548658e-01,-5.614886151324791630e-01,-1.273976696863333046e-07,-2.105745813384742871e+00,-4.585605161047976119e-06,-6.984851667944595830e-06,9.999999999650924787e-01,1.631016472703923637e-01
-4.844088547569236347e-01,-8.748417350387907021e-01,-8.210221110298259251e-06,1.469606044317495419e+00,8.748417350685406824e-01,-4.844088547727655181e-01,-6.728242184614788890e-08,-2.062662150857761834e+00,-3.918242334805250997e-06,-7.215236282341446684e-06,9.999999999662941841e-01,1.630766518184267877e-01
-3.987588501330814328e-01,-9.170558212978515700e-01,-8.016812017648233384e-06,1.445551554235102065e+00,9.170558213273862780e-01,-3.987588501457418055e-01,-2.086632465735315402e-08,-2.018911094474879153e+00,-3.177639157495842424e-06,-7.360184760898523282e-06,9.999999999678653717e-01,1.630517887317583514e-01
-3.244451074057505546e-01,-9.459045259532610217e-01,-7.849282775261889300e-06,1.425839570783445254e+00,9.459045259823968266e-01,-3.244451074157519987e-01,9.149479469125812413e-10,-1.973194200935739717e+00,-2.547526846560438015e-06,-7.424375252450974769e-06,9.999999999691946417e-01,1.630269692398532699e-01
-2.399117561743565885e-01,-9.707946998165588592e-01,-7.577418479826284327e-06,1.409186039831843207e+00,9.707946998444496600e-01,-2.399117561811565658e-01,-1.190210668491120380e-08,-1.924310807826408176e+00,-1.806357272728297974e-06,-7.358973154035686343e-06,9.999999999712915200e-01,1.630020961391526468e-01
-1.530792154649272263e-01,-9.882139210409508490e-01,-7.315444479339374305e-06,1.396794007396676696e+00,9.882139210674412144e-01,-1.530792154687012074e-01,-4.454931836642491728e-08,-1.873760986742004198e+00,-1.075818245119514596e-06,-7.236043647984149248e-06,9.999999999732415157e-01,1.629772431012136424e-01
-7.060083578880581301e-02,-9.975046475758458930e-01,-7.107278342966082700e-06,1.385012723076407770e+00,9.975046476010771546e-01,-7.060083578999766518e-02,-8.339612394421462279e-08,-1.805737281743280853e+00,-4.185917699813788342e-07,-7.095431014955147308e-06,9.999999999747402057e-01,1.629763464742218226e-01
2.005716326515291983e-02,-9.997988348432902406e-01,-6.910719721185533705e-06,1.381062943928551112e+00,9.997988348671390524e-01,2.005716326648090964e-02,-1.229427455626825237e-07,-1.749916668987551605e+00,2.615274475027224617e-07,-6.906863642614629055e-06,9.999999999761137737e-01,1.629513948734163387e-01
1.072325502759375604e-01,-9.942339664871374660e-01,-6.676530495257799268e-06,1.382201817796426591e+00,9.942339665091197709e-01,1.072325502797491642e-01,-2.145808293027143512e-07,-1.697357313933097078e+00,9.292849410767561641e-07,-6.615023347252791341e-06,9.999999999776894022e-01,1.629266268647298621e-01
2.237848278954014114e-01,-9.746385744281228503e-01,-6.367581344143428841e-06,1.387613251607232812e+00,9.746385744472739754e-01,2.237848279022634501e-01,-3.772991662153939826e-07,-1.648830812716644889e+00,1.792698416745898037e-06,-6.121656574956405651e-06,9.999999999796562733e-01,1.629020522341917687e-01
3.030500461800514911e-01,-9.529746426180160102e-01,-6.110439337641403681e-06,1.399512854517719784e+00,9.529746426345789834e-01,3.030500461890183184e-01,-5.770456258210105671e-07,-1.597353536537072571e+00,2.401678772548493527e-06,-5.648220040576023315e-06,9.999999999811652884e-01,1.628773537640897107e-01
3.747746299179662288e-01,-9.271159456804581867e-01,-5.906384044355778439e-06,1.414808946234153098e+00,9.271159456946781452e-01,3.747746299285577010e-01,-7.602728532238550757e-07,-1.549739977448646222e+00,2.918423979731192865e-06,-5.190971851715206244e-06,9.999999999822687391e-01,1.628528026149771157e-01
4.528578731124603962e-01,-8.915827200701176292e-01,-5.695016666670119741e-06,1.434778995307618432e+00,8.915827200816494047e-01,4.528578731245227473e-01,-9.714775320472688409e-07,-1.500528187219323684e+00,3.445185715586650806e-06,-4.637637201640593256e-06,9.999999999833119046e-01,1.628281524980454698e-01
5.268360054788052693e-01,-8.499669542402920053e-01,-5.533684506235266337e-06,1.459777503782242691e+00,8.499669542494094898e-01,5.268360054919116742e-01,-1.145121659300377109e-06,-1.451357114243867485e+00,3.888659809907601663e-06,-4.100157644768853738e-06,9.999999999840337717e-01,1.628034488522588641e-01
5.974937806283767694e-01,-8.018735449442722096e-01,-5.377675181363387992e-06,1.488036314812574146e+00,8.018735449507723434e-01,5.974937806423138431e-01,-1.355988426977316318e-06,-1.405880992220609027e+00,4.300458722022859440e-06,-3.502020809550635457e-06,9.999999999846211907e-01,1.627788332420391781e-01
6.543312351875346655e-01,-7.562080630555864103e-01,-5.260944693799155384e-06,1.520823495298377903e+00,7.562080630598330133e-01,6.543312352019527989e-01,-1.544335643236203814e-06,-1.361926650326825250e+00,4.610239505302112061e-06,-2.967861747779874920e-06,9.999999999849690235e-01,1.627541893655138072e-01
7.078546940733847492e-01,-7.063580763690301412e-01,-5.149977881204425842e-06,1.558583314641804218e+00,7.063580763709599308e-01,7.078546940880413585e-01,-1.745066534116998089e-06,-1.318221795773230953e+00,4.878077857834989381e-06,-2.402474931875451841e-06,9.999999999852164922e-01,1.627294499782461212e-01
7.641683019194059900e-01,-6.450169038995022808e-01,-5.051332280031703194e-06,1.595903635827056188e+00,6.450169038988856629e-01,7.641683019340866911e-01,-1.967973652093831106e-06,-1.281097292280336752e+00,5.129444282966021469e-06,-1.754331623887865148e-06,9.999999999853058652e-01,1.627049216522969133e-01
8.149673419728801216e-01,-5.795068864930961183e-01,-4.974003731807151485e-06,1.639455126067582036e+00,5.795068864900873029e-01,8.149673419873003644e-01,-2.173129289058110530e-06,-1.244303959024946948e+00,5.312993988594804745e-06,-1.111440015542527203e-06,9.999999999852686727e-01,1.626802405569626186e-01
8.558343938777933646e-01,-5.172499301417441409e-01,-4.918838135244959575e-06,1.696467634262498914e+00,5.172499301361230817e-01,8.558343938918118177e-01,-2.452264434730642316e-06,-1.202122614348718477e+00,5.478144461682804628e-06,-4.455364356805782045e-07,9.999999999848959709e-01,1.626799812711906545e-01
8.905545730444059949e-01,-4.548764144312572033e-01,-4.884994536757005528e-06,1.742979725496928145e+00,4.548764144231025597e-01,8.905545730577780761e-01,-2.731889167432577856e-06,-1.174059939417086085e+00,5.593026173176531444e-06,2.108275917510899610e-07,9.999999999843370846e-01,1.626554211939195416e-01
9.210154041159860361e-01,-3.895261549078963270e-01,-4.872466443282123668e-06,1.803528592848183232e+00,3.895261548972425159e-01,9.210154041284577264e-01,-3.010975883353962285e-06,-1.141779363477515075e+00,5.660470508725103838e-06,8.752020514732117152e-07,9.999999999835968989e-01,1.626549517901587638e-01
