9.999999950375957347e-01,9.961990965826992975e-05,-8.259018306976753876e-07,2.210238575935363770e-02,-9.961990950334792896e-05,9.999999950379192537e-01,1.876182277506152754e-07,-1.588530605658888817e-03,8.259205171103824710e-07,-1.875359505539450386e-07,9.999999999996413980e-01,2.387798303971067071e-06
9.999999789155005203e-01,2.053442829191722658e-04,-1.650437079694320152e-06,4.567197887590951355e-02,-2.053442822996427188e-04,9.999999789167922648e-01,3.755337166322219061e-07,-3.142476691284978862e-03,1.650514158599565941e-06,-3.751948008966708860e-07,9.999999999985675903e-01,4.849229154811606397e-06
9.999999468655383916e-01,3.259797546405933995e-04,-2.473817860305051635e-06,6.921103139531108173e-02,-3.259797532526925376e-04,9.999999468684414028e-01,5.614184693976325354e-07,-4.699672793688434644e-03,2.474000739922157761e-06,-5.606120250312701029e-07,9.999999999967825737e-01,7.329221751174826627e-06
9.999998671570693443e-01,5.154366018010006099e-04,-3.309530803193435502e-06,9.584413233133610988e-02,-5.154365994337438287e-04,9.999998671622909452e-01,7.160978427199142861e-07,-6.182838127039024662e-03,3.309899466601553727e-06,-7.143918942884589973e-07,9.999999999942671414e-01,9.950102488437439531e-06
9.999997934682726131e-01,6.426867871095930584e-04,-4.135890396703397302e-06,1.199584443979316573e-01,-6.426867834050712346e-04,9.999997934764257579e-01,8.969678903737645509e-07,-7.733139277270754085e-03,4.136466011956134778e-06,-8.943096230258635435e-07,9.999999999910449411e-01,1.249271582707565081e-05
9.999996806921249703e-01,7.991188528411509191e-04,-4.970594113342781137e-06,1.458128784969619507e-01,-7.991188475775258798e-04,9.999996807039202018e-01,1.060848832011117915e-06,-9.243825473805216200e-03,4.971440270553240549e-06,-1.056876397834101750e-06,9.999999999870838874e-01,1.512659372332286645e-05
9.999995622703511389e-01,9.356416983261994606e-04,-5.806722366762938516e-06,1.706857107603008683e-01,-9.356416912119735856e-04,9.999995622864635836e-01,1.227766261814095890e-06,-1.078247173405660550e-02,5.807868574392306322e-06,-1.222332712848765135e-06,9.999999999823873109e-01,1.774141995948010946e-05
9.999994368964932878e-01,1.061208121645044848e-03,-6.634641739927927848e-06,1.937178477748170702e-01,-1.061208112329895936e-03,9.999994369175224662e-01,1.407379663759463599e-06,-1.236911426364106954e-02,6.636131526806838788e-06,-1.400338135622225866e-06,9.999999999770005088e-01,2.029909814914389579e-05
9.999992696495186850e-01,1.208571341878923039e-03,-7.465942577626537281e-06,2.289698727500961428e-01,-1.208571330131229292e-03,9.999992696761587085e-01,1.577815672180929678e-06,-1.606579815600980843e-02,7.467844027874839805e-06,-1.568791395670768923e-06,9.999999999708851783e-01,2.015662259337430012e-02
9.999990395057661852e-01,1.385972051893736342e-03,-8.307577536145941788e-06,2.577838227466019427e-01,-1.385972037578513507e-03,9.999990395388003162e-01,1.728661929364656927e-06,-1.752018414452865061e-02,8.309965434161327408e-06,-1.717146198829728401e-06,9.999999999639980208e-01,2.015947429052235285e-02
9.999987067063981216e-01,1.608260450030716063e-03,-9.157245046098793159e-06,3.196500275973719329e-01,-1.608260433069571985e-03,9.999987067466251656e-01,1.859272871156566719e-06,-1.795555878311328943e-02,9.160223398485230813e-06,-1.844543231687295973e-06,9.999999999563440323e-01,2.018743149793535835e-02
9.999983042467041061e-01,1.841576421811364416e-03,-9.999901468096742592e-06,3.503269168160432767e-01,-1.841576401939935478e-03,9.999983042947484524e-01,1.996006850411970673e-06,-1.937755662318828981e-02,1.000356031036479893e-05,-1.977587883111404856e-06,9.999999999480090329e-01,2.019041775390186672e-02
9.999978380421128410e-01,2.079373364428618604e-03,-1.084024509062912850e-05,3.827420769830019442e-01,-2.079373341405774990e-03,9.999978380986384030e-01,2.134668671335072297e-06,-2.076615605264181541e-02,1.084466042826556064e-05,-2.112123139615543337e-06,9.999999999389661554e-01,2.019351120086819440e-02
9.999973622386963967e-01,2.296819427991539635e-03,-1.166892645454004854e-05,4.161313269430289563e-01,-2.296819401391073448e-03,9.999973623042123227e-01,2.292488049306362314e-06,-2.213996553473438628e-02,1.167416110655197846e-05,-2.265680585595904567e-06,9.999999999292903397e-01,2.019667838211846103e-02
9.999968819185940383e-01,2.497197799015278465e-03,-1.249964917275281557e-05,4.538540125582261608e-01,-2.497197768554294036e-03,9.999968819937854470e-01,2.451961402420764408e-06,-2.342191799533123106e-02,1.250573323138641254e-05,-2.420739660983598634e-06,9.999999999188732280e-01,2.020008291037669879e-02
9.999960210009561923e-01,2.820957980167459588e-03,-1.335396575958359930e-05,4.970623773899439657e-01,-2.820957946305565830e-03,9.999960210869556221e-01,2.553875019926147869e-06,-2.458705907236862290e-02,1.336111699943285692e-05,-2.516193882235696851e-06,9.999999999075744883e-01,2.020378866905032933e-02
9.999952359596857576e-01,3.086722613429201175e-03,-1.419293606470570682e-05,5.397905727857763569e-01,-3.086722575574122728e-03,9.999952360569097642e-01,2.688309216211981990e-06,-2.577691115631529362e-02,1.420116651521558201e-05,-2.644486752833892563e-06,9.999999998956666802e-01,2.020750749639449104e-02
9.999982301300837095e-01,1.881358892446070461e-03,-1.501390530545422186e-05,5.907488638704947448e-01,-1.881358849727998977e-03,9.999982302387867561e-01,2.858850115196959566e-06,-2.958205982009971466e-02,1.501925725751335002e-05,-2.830598511788751840e-06,9.999999998832047599e-01,4.150050834304337688e-02
9.999888946356036978e-01,-4.712786258345591506e-03,-1.584759291617493754e-05,6.406112670451320490e-01,4.712786306875243157e-03,9.999888947563703168e-01,3.026324962407089815e-06,-3.056565621245831837e-02,1.583315450209853937e-05,-3.100977672857883377e-06,9.999999998698475556e-01,4.150466686432827124e-02
9.997259953896096007e-01,-2.340798714461260824e-02,-1.673593130467282980e-05,7.085311553994818601e-01,2.340798720061033900e-02,9.997259955233951390e-01,3.157920514747138496e-06,-3.031884753223504717e-02,1.665742502176228813e-05,-3.548809695736927483e-06,9.999999998549680136e-01,4.151404298390552750e-02
9.988106932573174168e-01,-4.875652493251377007e-02,-1.764487179070206981e-05,7.571128019049676583e-01,4.875652499737665596e-02,9.988106934046727670e-01,3.264473614522044235e-06,-3.010386459725051048e-02,1.746472223912970927e-05,-4.120893786579856646e-06,9.999999998390007860e-01,4.151821505163121040e-02
9.970297891098265364e-01,-7.701687661692033227e-02,-1.854153787912568373e-05,8.075660878622674677e-01,7.701687669253456936e-02,9.970297892706011522e-01,3.398170189531219352e-06,-2.851657041762815925e-02,1.822474915016712634e-05,-4.816088243954193793e-06,9.999999998223318975e-01,4.152252945925778704e-02
9.952122731145296441e-01,-9.773705062668711085e-02,-1.941666056730284790e-05,8.593795773596901721e-01,9.773705071274835232e-02,9.952122732892214607e-01,3.531779096858840362e-06,-2.535513499042362992e-02,1.897851323047868499e-05,-5.412597041661968346e-06,9.999999998052598871e-01,4.152696135656121224e-02
9.924310076844624628e-01,-1.228034794863070434e-01,-2.030906950457243799e-05,9.084517977298131042e-01,1.228034795838867793e-01,9.924310078735699703e-01,3.624887010890614813e-06,-2.144626247897411797e-02,1.971020157971512164e-05,-6.091474671232992672e-06,9.999999997872009994e-01,4.153128377389814219e-02
9.872484345916491266e-01,-1.591870847309829196e-01,-2.124120496785272409e-05,9.732271779202270601e-01,1.591870848428981189e-01,9.872484347952694694e-01,3.675607538734896835e-06,-1.393840873197252361e-02,2.038523710897167005e-05,-7.010063286172253502e-06,9.999999997676505270e-01,4.153654248559679463e-02
9.783766735437045003e-01,-2.068310522464428258e-01,-2.218523391682211197e-05,1.035610435498812931e+00,2.068310523766412612e-01,9.783766737606417463e-01,3.719306144263087969e-06,-4.443391252159683419e-03,2.093624736269759690e-05,-8.227477651553054844e-06,9.999999997469910529e-01,4.154172569096262896e-02
9.699378674811460765e-01,-2.433526919755389373e-01,-2.311676922430632572e-05,1.114959703656353440e+00,2.433526921217393502e-01,9.699378677129021353e-01,3.694581501942376966e-06,1.287667000785273214e-02,2.152274349561420785e-05,-9.209042527121197758e-06,9.999999997259825246e-01,4.150968030320242863e-02
9.566328272270615551e-01,-2.912964697566484684e-01,-2.405977993260657391e-05,1.176172652578121536e+00,2.912964699239383726e-01,9.566328274715566460e-01,3.691407511571596642e-06,2.765741793248640071e-02,2.194108132871886406e-05,-1.053985056575705837e-05,9.999999997037503086e-01,4.151492899278939191e-02
9.438880189781244656e-01,-3.302656612568155570e-01,-2.498299563862106402e-05,1.233195566790641129e+00,3.302656614427065818e-01,9.438880192368309663e-01,3.603188948262546553e-06,4.434203659708439715e-02,2.239114068730924126e-05,-1.165203245778885014e-05,9.999999996814334935e-01,4.151999692554925181e-02
9.244327078044214385e-01,-3.813452085302269645e-01,-2.593111723418082146e-05,1.292718433109976583e+00,3.813452087394598178e-01,9.244327080752688941e-01,3.475954965604531495e-06,6.457302014475087282e-02,2.264603415701091553e-05,-1.310199377557611629e-05,9.999999996577475514e-01,4.152529548039413793e-02
9.048619827525157255e-01,-4.257050521758027894e-01,-2.685485165637837906e-05,1.334463922981142581e+00,4.257050524091675059e-01,9.048619830348918480e-01,3.386877142630081141e-06,8.069169115115046309e-02,2.285812361318201441e-05,-1.449690239843841375e-05,9.999999996336731423e-01,4.152954081890507243e-02
8.814259036784015677e-01,-4.723223216757888032e-01,-2.777599690889692225e-05,1.400550790066867890e+00,4.723223219343472001e-01,8.814259039716190181e-01,3.218860678808620939e-06,1.114403084366401286e-01,2.296214343517156826e-05,-1.595641053668521442e-05,9.999999996090666032e-01,4.153546388493094960e-02
8.615363507837690005e-01,-5.076958887523639330e-01,-2.867288283202895998e-05,1.458106716886468979e+00,5.076958890316104478e-01,8.615363510913101042e-01,2.945072890802809035e-06,1.417057960518312287e-01,2.320752945163827272e-05,-1.709439209164060803e-05,9.999999995845962886e-01,4.154092890078300154e-02
8.392172227668418527e-01,-5.437963333253422737e-01,-2.955372151032462362e-05,1.516989771314244617e+00,5.437963336268544223e-01,8.392172230876339123e-01,2.659179825301467781e-06,1.759048125684495312e-01,2.335593985914823683e-05,-1.830283491017075265e-05,9.999999995597532720e-01,4.154659287072024615e-02
8.191147806770021633e-01,-5.736296498193697024e-01,-3.040681032650798129e-05,1.571403522494531746e+00,5.736296501412353477e-01,8.191147810126329087e-01,2.338857703710674353e-06,2.105425758827325633e-01,2.356502965633335375e-05,-1.935804088451536752e-05,9.999999995349778681e-01,4.155205336050186299e-02
7.977028363008419332e-01,-6.030507308518392451e-01,-3.125147712686259205e-05,1.635903444276150420e+00,6.030507311955456418e-01,7.977028366506045964e-01,2.023931076253242818e-06,2.562428286758755558e-01,2.370885883889150821e-05,-2.046072169229999022e-05,9.999999995096244820e-01,4.152702162151750143e-02
7.799442693408237259e-01,-6.258489719526251216e-01,-3.206634981747098474e-05,1.697507650779203736e+00,6.258489723139774030e-01,7.799442697083736054e-01,1.615515782118300541e-06,3.032711078567927321e-01,2.399889689918866957e-05,-2.132870435541754431e-05,9.999999994845696349e-01,4.150685283321971231e-02
7.455880407125872189e-01,-6.664071371645320374e-01,-3.290194080382356751e-05,1.752116488003681249e+00,6.664071375529265762e-01,7.455880410905205702e-01,1.146577222821391905e-06,3.465901377930434291e-01,2.376720634740062403e-05,-2.278096245610098777e-05,9.999999994580738294e-01,4.151266942503998442e-02
7.022446598758670389e-01,-7.119356969118689760e-01,-3.374076339198800255e-05,1.805578528082007583e+00,7.119356973331164573e-01,7.022446602590463050e-01,6.822509512921258545e-07,3.939079292186351555e-01,2.320855211861054068e-05,-2.450036100126680222e-05,9.999999994305477369e-01,4.151857171365611748e-02
6.359935733063952767e-01,-7.716943523923602832e-01,-3.462222245812317917e-05,1.854814758365499916e+00,7.716943528568449562e-01,6.359935736851802801e-01,8.962010537683326010e-08,4.432681194244015299e-01,2.195035166088496681e-05,-2.677477136534580889e-05,9.999999994006468773e-01,4.152433529325669226e-02
5.709501252980382358e-01,-8.209847460027026589e-01,-3.539819243745663774e-05,1.889862570300623101e+00,8.209847465048886184e-01,5.709501256729426766e-01,-5.951663269118266947e-07,4.845649251741954711e-01,2.069922489648995652e-05,-2.872156575607313905e-05,9.999999993733068582e-01,4.152910977985611873e-02
4.934915752296413771e-01,-8.697505756647337938e-01,-3.616948219551353806e-05,1.931536253879849729e+00,8.697505762086912284e-01,4.934915755945755711e-01,-1.353722168435920005e-06,5.381219746288516959e-01,1.902673539239118516e-05,-3.079037749539318189e-05,9.999999993449680824e-01,6.405849035848121265e-02
4.280945109058678089e-01,-9.037339699124045111e-01,-3.685961205390381618e-05,1.965657199507704345e+00,9.037339704921587558e-01,4.280945112639189531e-01,-2.045419915115823991e-06,5.974002991121795114e-01,1.762791306761913481e-05,-3.243565051411651532e-05,9.999999993185926250e-01,6.406389221380917598e-02
3.592441981868077505e-01,-9.332435934227845120e-01,-3.747593679147923084e-05,1.989493181084562190e+00,9.332435940363472682e-01,3.592441985364990265e-01,-2.826570549963075579e-06,6.458854913784036755e-01,1.610089173417002085e-05,-3.395874887031913178e-05,9.999999992937823601e-01,6.406842969867115878e-02
3.002741347969755115e-01,-9.538529459631791552e-01,-3.806956845853892582e-05,2.016327013774773746e+00,9.538529466075650332e-01,3.002741351421285287e-01,-3.565392418202795797e-06,7.148056646733712549e-01,1.483216680573936471e-05,-3.524217492666824228e-05,9.999999992689979633e-01,6.407392186484710261e-02
2.375548976104852328e-01,-9.713741138870060077e-01,-3.862001516362496676e-05,2.037062708087034046e+00,9.713741145625772733e-01,2.375548979478598888e-01,-4.330187802909731245e-06,7.792025301068619125e-01,1.338060610095550732e-05,-3.648582571380513121e-05,9.999999992448719288e-01,6.407900101148375493e-02
1.988825660011146745e-01,-9.800233279985717250e-01,-3.897968659498496884e-05,2.052351393544812552e+00,9.800233286897335194e-01,1.988825663476062600e-01,-5.185007871159548587e-06,8.392553140568231873e-01,1.283380877502858145e-05,-3.716979453794758365e-05,9.999999992268497895e-01,6.408370288868499298e-02
1.554201751613158988e-01,-9.878484537635342511e-01,-3.936775434703175010e-05,2.064816109045009895e+00,9.878484544743582063e-01,1.554201755128496454e-01,-6.014717598573586019e-06,8.974203026265586969e-01,1.206017276973767587e-05,-3.795456682512536616e-05,9.999999992070014443e-01,6.408825054884208228e-02
1.058284361155735487e-01,-9.943844028001386226e-01,-3.971326162394569023e-05,2.074530803671206236e+00,9.943844035317443986e-01,1.058284364685240925e-01,-6.887976860479057561e-06,9.547885964557587535e-01,1.105208914163626905e-05,-3.876130415308260638e-05,9.999999991877062122e-01,6.409269048459879936e-02
5.103187733504065821e-02,-9.986970240736263715e-01,-4.002678268488969087e-05,2.081784706508109650e+00,9.986970248275496287e-01,5.103187768533147539e-02,-7.778803808866231170e-06,1.017754289140605728e+00,9.811310092879943734e-06,-3.957766181903081613e-05,9.999999991686734369e-01,6.409731557585759965e-02
1.098944056486890128e-02,-9.999396134632190236e-01,-4.028769941280018662e-05,2.085629909857620312e+00,9.999396142335553739e-01,1.098944092151458302e-02,-8.641813610703026364e-06,1.083414680661601626e+00,9.084031054068291151e-06,-4.019029791214536487e-05,9.999999991511101527e-01,6.410197135232519050e-02
-1.942976799336827709e-02,-9.998112234195005721e-01,-4.049845782045502626e-05,2.087014599880711696e+00,9.998112242015864126e-01,-1.942976762291884554e-02,-9.520744226091285042e-06,1.137006460734809155e+00,8.732071308014467646e-06,-4.067579854318260733e-05,9.999999991346151251e-01,6.410603464800262996e-02
-2.045844545028093625e-02,-9.997907032753785561e-01,-4.066794228489974079e-05,2.087108921623233915e+00,9.997907040573708048e-01,-2.045844504597946548e-02,-1.033284165451256769e-05,1.182989313610729676e+00,9.498676162229574655e-06,-4.087082452691966804e-05,9.999999991196754090e-01,6.410974044945379202e-02
-2.696822056688038746e-02,-9.996362905645990171e-01,-4.081303995664205698e-05,2.086696849293067757e+00,9.996362913470715483e-01,-2.696822013190376677e-02,-1.117095212952865164e-05,1.239027601452880933e+00,1.006623410303383982e-05,-4.109945660182870116e-05,9.999999991047526793e-01,6.411393636932445628e-02
-3.097389730496828697e-02,-9.995201928966256366e-01,-4.095891747697351403e-05,2.086274819602174535e+00,9.995201936783254526e-01,-3.097389683755236156e-02,-1.199748873974919284e-05,1.288260328463201709e+00,1.072307497491962615e-05,-4.131087411358162271e-05,9.999999990892135537e-01,6.411785277779885606e-02
-3.259609276876898609e-02,-9.994686053326629072e-01,-4.111679382969849925e-05,2.085168964149679116e+00,9.994686061126742960e-01,-3.259609226722406244e-02,-1.280994661108666814e-05,1.346147909116030661e+00,1.146289266836340006e-05,-4.151249882488892485e-05,9.999999990726571308e-01,6.412220388776188051e-02
-3.529101839019560538e-02,-9.993770771427605837e-01,-4.126226677839846382e-05,2.084170564894372912e+00,9.993770779205570776e-01,-3.529101785498043459e-02,-1.362821874142432065e-05,1.400550880220012173e+00,1.216354201885341984e-05,-4.171751731960355057e-05,9.999999990558483542e-01,6.412643359264692811e-02
-3.799855179556958090e-02,-9.992777933823331349e-01,-4.140499676789917525e-05,2.082856292600181902e+00,9.992777941573188771e-01,-3.799855122633265941e-02,-1.444932712704919877e-05,1.457745661522307445e+00,1.286556183666606960e-05,-4.192414734256551034e-05,9.999999990384215165e-01,6.413083544584124995e-02
-3.898631386221924899e-02,-9.992397438067279758e-01,-4.157523781986898945e-05,2.081171651579595050e+00,9.992397445788211430e-01,-3.898631325775973877e-02,-1.525189654322708560e-05,1.518342090128346644e+00,1.361943594900969287e-05,-4.213824524555797419e-05,9.999999990194395894e-01,6.413544313202147740e-02
-4.249432620762153001e-02,-9.990967072806231641e-01,-4.172740426753028157e-05,2.079687295196247288e+00,9.990967080498711628e-01,-4.249432556904769731e-02,-1.607303166267752892e-05,1.574887181661263513e+00,1.428533510810263004e-05,-4.237272488977488779e-05,9.999999990002406136e-01,6.413989675760935205e-02
-4.820228407736282250e-02,-9.988375934331080730e-01,-4.188653380408450399e-05,2.077618531556901793e+00,9.988375942009157793e-01,-4.820228340600250794e-02,-1.689302366551641445e-05,1.637120457127924311e+00,1.485436053055338293e-05,-4.265212697993792129e-05,9.999999989800719691e-01,6.414467308931932898e-02
-5.563272166793516854e-02,-9.984513000203626421e-01,-4.204123446227451893e-05,2.073372720191813734e+00,9.984513007874877832e-01,-5.563272096475033179e-02,-1.771530472813769434e-05,1.716069764470059322e+00,1.534900077021260353e-05,-4.296167585277287343e-05,9.999999989593512106e-01,6.411889750624912010e-02
-6.155798762090146370e-02,-9.981035078481510503e-01,-4.220521718669314299e-05,2.070869290556278219e+00,9.981035086139417034e-01,-6.155798688472089580e-02,-1.852674106318196172e-05,1.773532669396370665e+00,1.589353703811105561e-05,-4.326564425287483725e-05,9.999999989377397203e-01,6.412349814737616782e-02
-6.679163272958815734e-02,-9.977669447333561425e-01,-4.236483543653860951e-05,2.070647605664784230e+00,9.977669454968761675e-01,-6.679163195955377386e-02,-1.933943062098059774e-05,1.836233859566779980e+00,1.646662810707418274e-05,-4.356194459722881020e-05,9.999999989156035385e-01,8.627233202745226981e-02
-7.287032617003906532e-02,-9.973414228612397237e-01,-4.253221753524781616e-05,2.067003603086418284e+00,9.973414236233816288e-01,-7.287032536659501791e-02,-2.014580457722076672e-05,1.899066003871777930e+00,1.699290887137353990e-05,-4.388717373696332817e-05,9.999999988925784011e-01,8.627727977487137379e-02
-7.594446132960795681e-02,-9.971120483537028178e-01,-4.267596865713017487e-05,2.062920346421640794e+00,9.971120491106164607e-01,-7.594446049022474110e-02,-2.095893150655836912e-05,1.962448386212620299e+00,1.765739971024589338e-05,-4.414443731880121060e-05,9.999999988697423348e-01,8.628229113593899324e-02
-7.881768680128445337e-02,-9.968890461924185820e-01,-4.276522081974097291e-05,2.059171685059308476e+00,9.968890469406838095e-01,-7.881768592543644814e-02,-2.179574868381226654e-05,2.020598023196606530e+00,1.835728737335300291e-05,-4.435007071855967092e-05,9.999999988480405833e-01,8.628706548206735438e-02
-8.419964517996077202e-02,-9.964489038131204568e-01,-4.290919400278340719e-05,2.054990083239975895e+00,9.964489045574307369e-01,-8.419964426919694656e-02,-2.261055007428472498e-05,2.081277543722825474e+00,1.891731896522037107e-05,-4.466061965309430084e-05,9.999999988237820991e-01,8.629201854905035884e-02
-1.389451306281999921e-01,-9.903000801860353253e-01,-4.310735578829007078e-05,2.050414060921808446e+00,9.903000809734344712e-01,-1.389451297156850951e-01,-2.350107280823090098e-05,2.142541571589389626e+00,1.728355714474477190e-05,-4.595457755893678003e-05,9.999999987947277846e-01,8.629703919657724653e-02
-2.283347330829077482e-01,-9.735826866785262101e-01,-4.321781747676570602e-05,2.040430208991131256e+00,9.735826875368362998e-01,-2.283347321951136599e-01,-2.453439974526295579e-05,2.215751462087494073e+00,1.401813804042346609e-05,-4.767817450568997490e-05,9.999999987651418953e-01,8.630261841342914964e-02
-3.019396284816480147e-01,-9.533270471752375297e-01,-4.331866549402796178e-05,2.019692093080035278e+00,9.533270480933493385e-01,-3.019396276140097202e-01,-2.549380657358376218e-05,2.300611288327417014e+00,1.122431361404861957e-05,-4.899444598817577127e-05,9.999999987367796939e-01,8.625065533815635954e-02
-3.774419825161202668e-01,-9.260332326399604019e-01,-4.336687182430956774e-05,1.994893691892960064e+00,9.260332336196032132e-01,-3.774419816757907387e-01,-2.647024276221097405e-05,2.379146648800074981e+00,8.143846433407333956e-06,-5.015014545328412104e-05,9.999999987093205478e-01,8.625618335121751357e-02
-4.504660255540600677e-01,-8.927935696199826854e-01,-4.320576137073700931e-05,1.972932928297223221e+00,8.927935706510539138e-01,-4.504660247446817256e-01,-2.747482017317483708e-05,2.434724004255632845e+00,5.066615206332652929e-06,-5.095029901310022815e-05,9.999999986891984216e-01,8.626047236658487827e-02
-5.257333129201950950e-01,-8.506494470954074627e-01,-4.292124736005610135e-05,1.951636787291665120e+00,8.506494481766103677e-01,-5.257333121509736307e-01,-2.848851271965259499e-05,2.478950687937932607e+00,1.668608057289448420e-06,-5.148829555415557733e-05,9.999999986730857549e-01,8.626414560381630292e-02
-5.874918576240723000e-01,-8.092300756901990022e-01,-4.270657283127911574e-05,1.916804334859477210e+00,8.092300768161067026e-01,-5.874918568880893588e-01,-2.943437963865459196e-05,2.536182693277561295e+00,-1.270578511092076542e-06,-5.185190158473400285e-05,9.999999986548830933e-01,8.626831712088720017e-02
-6.510630062502963389e-01,-7.590236887595983584e-01,-4.235680220156163342e-05,1.879771977821911078e+00,7.590236899279464433e-01,-6.510630055577797393e-01,-3.036831962375806143e-05,2.588110703758152997e+00,-4.526672964909748934e-06,-5.192150576959125364e-05,9.999999986418334208e-01,8.627218199134709109e-02
-7.099881297405116198e-01,-7.042136422067933887e-01,-4.192150643282587880e-05,1.842953148511029315e+00,7.042136434120866983e-01,-7.099881290936004286e-01,-3.128007782258102645e-05,2.632111449808181014e+00,-7.735914389075639530e-06,-5.173018073377548759e-05,9.999999986320722289e-01,8.627564131355563992e-02
-7.582572886421700131e-01,-6.519554298401550874e-01,-4.150859632323442700e-05,1.790539497233355037e+00,6.519554310767856631e-01,-7.582572880333586784e-01,-3.215243188852124999e-05,2.684492854495157399e+00,-1.051224312583998179e-05,-5.144157063634873146e-05,9.999999986216290271e-01,8.627937948194099038e-02
-7.772687004619263096e-01,-6.291687894355393329e-01,-4.101763304776050368e-05,1.743792472116388215e+00,6.291687906731724400e-01,-7.772686998462418062e-01,-3.289666622331806133e-05,2.725451962591952437e+00,-1.118416664561300920e-05,-5.137656358586358978e-05,9.999999986176818512e-01,8.628261416276834794e-02
-7.927627803138612705e-01,-6.095302884296573964e-01,-4.044620323624181969e-05,1.698318947931890754e+00,6.095302896615067967e-01,-7.927627796864767928e-01,-3.359956105978408275e-05,2.763108719849585615e+00,-1.158429436144714485e-05,-5.128966741737440830e-05,9.999999986175873712e-01,8.628573161313646267e-02
-8.065261109137501494e-01,-5.911984699101451302e-01,-3.987787313761779459e-05,1.652602068065459173e+00,5.911984711354842936e-01,-8.065261102725634901e-01,-3.428811722665226874e-05,2.799117011752556117e+00,-1.189146346712910066e-05,-5.122999946846103084e-05,9.999999986170404753e-01,8.628880519511526737e-02
-8.201134646393193339e-01,-5.722009293681908915e-01,-3.933790679663930277e-05,1.598937974289708519e+00,5.722009305893247522e-01,-8.201134639848960406e-01,-3.497721838910079013e-05,2.839026131912517403e+00,-1.224755013994917319e-05,-5.119447463300467034e-05,9.999999986145620134e-01,8.629206525647030446e-02
-8.334454502380514995e-01,-5.526017372156368790e-01,-3.877824166248848955e-05,1.533832082346685555e+00,5.526017384321559867e-01,-8.334454495711497435e-01,-3.564973408777170026e-05,2.883919195616776676e+00,-1.261944406779323928e-05,-5.114103243368307600e-05,9.999999986126726359e-01,8.626408009300580437e-02
-8.472015055468594680e-01,-5.312716890129450809e-01,-3.811124819434807758e-05,1.490705105939778896e+00,5.312716902204381864e-01,-8.472015048703770423e-01,-3.627240789157142465e-05,2.916886580637304327e+00,-1.301740341761848491e-05,-5.097746582017101375e-05,9.999999986159230358e-01,1.077906666036932415e-01
-8.891314173634363716e-01,-4.576519652031620367e-01,-3.745624856851530074e-05,1.428111834486743170e+00,4.576519664437193047e-01,-8.891314167425929949e-01,-3.703385799467816286e-05,2.956469682994314230e+00,-1.635490946526741489e-05,-5.006989246223018692e-05,9.999999986127618978e-01,1.077940122515602117e-01
-9.179949613436337863e-01,-3.965920442983012495e-01,-3.670142776784219836e-05,1.374609677418731968e+00,3.965920455525225874e-01,-9.179949607639967812e-01,-3.763475076935392477e-05,2.984708042842786568e+00,-1.876608299944779884e-05,-4.910400589083702892e-05,9.999999986183158995e-01,1.077968513859876298e-01
-9.481508140961425468e-01,-3.178207552075396625e-01,-3.589054952876360928e-05,1.313275510023140358e+00,3.178207564813819719e-01,-9.481508135768884626e-01,-3.825032232821133052e-05,3.011704761088158655e+00,-2.187290740613486058e-05,-4.767383585669757276e-05,9.999999986243911509e-01,1.077996529845858670e-01
-9.721886332036858702e-01,-2.341991892474692138e-01,-3.500538930247484057e-05,1.257552252298445250e+00,2.341991905348710934e-01,-9.721886327498954206e-01,-3.879047251942675703e-05,3.031079379058849277e+00,-2.494714435027482632e-05,-4.590989029898426499e-05,9.999999986349614733e-01,1.078021363312543363e-01
-9.895939993277764746e-01,-1.438878568067711583e-01,-3.402956066948181161e-05,1.201428369318168654e+00,1.438878581008885549e-01,-9.895939989464950237e-01,-3.924568199282935121e-05,3.045306886717367156e+00,-2.802847195443654377e-05,-4.373373199647607047e-05,9.999999986508831817e-01,1.078044255209229252e-01
-9.985429152170134381e-01,-5.396337069342095616e-02,-3.306528480049816967e-05,1.138698112547394281e+00,5.396337198941186797e-02,-9.985429149075012445e-01,-3.964295438552770383e-05,3.054981027398042670e+00,-3.087783842404750399e-05,-4.136950550356504236e-05,9.999999986675620622e-01,1.078065771082559327e-01
-9.996483698959816033e-01,2.651670286610036467e-02,-3.214681872294283512e-05,1.061904041810495247e+00,-2.651670157302438852e-02,-9.996483696467176605e-01,-4.000434202234231753e-05,3.059340320313920003e+00,-3.319629817647867131e-05,-3.913784769279742785e-05,9.999999986831177301e-01,1.078086110525136448e-01
-9.939329683122826165e-01,1.099875153342924489e-01,-3.118531529029195575e-05,9.929236905410163683e-01,-1.099875140511681476e-01,-9.939329681286169782e-01,-4.024776755114004673e-05,3.057918995467971524e+00,-3.542286493920866243e-05,-3.657358776636630940e-05,9.999999987037969662e-01,1.078104461235312728e-01
-9.795425903233188070e-01,2.012369569264086666e-01,-3.016093041386534965e-05,9.147261665703727562e-01,-2.012369556583405161e-01,-9.795425902130758811e-01,-4.044777433063640880e-05,3.048843404968753834e+00,-3.768350292157736055e-05,-3.355082382433532414e-05,9.999999987271481761e-01,1.077817887512298872e-01
-9.574532356177913872e-01,2.885884626204057724e-01,-2.911035492038581668e-05,8.589850807989689585e-01,-2.885884613780321795e-01,-9.574532355791177674e-01,-4.047887757553767125e-05,3.038123201966417497e+00,-3.955354055550390821e-05,-3.035571977223244013e-05,9.999999987570241666e-01,1.077833341308123416e-01
-9.320889720329318395e-01,3.622294127000231234e-01,-2.809962011638280721e-05,7.983193688058654036e-01,-3.622294114886929761e-01,-9.320889720510652232e-01,-4.041465894321625191e-05,3.020416694018437820e+00,-4.083072420277763528e-05,-2.749154905163080521e-05,9.999999987885336283e-01,1.077847478962435240e-01
-8.961692578599217418e-01,4.437123623865921740e-01,-2.705746660220453845e-05,7.578039694064386822e-01,-4.437123612126995242e-01,-8.961692579447529949e-01,-4.027161192578866721e-05,3.005810041777082553e+00,-4.211708183147031437e-05,-2.408444817785888794e-05,9.999999988230456882e-01,1.077861761822521969e-01
-8.569180719925630907e-01,5.154526333370810232e-01,-2.604644092970054528e-05,7.178659277670886851e-01,-5.154526322116095294e-01,-8.569180721370728282e-01,-3.988742728343726241e-05,2.987191977618406824e+00,-4.287974537780019985e-05,-2.075455074750828970e-05,9.999999988652883420e-01,1.077875394766736189e-01
-8.023594275301495493e-01,5.968411417016742382e-01,-2.501464866423868763e-05,6.710715577716579450e-01,-5.968411406313672840e-01,-8.023594277454905166e-01,-3.946870687410175549e-05,2.959957115811597372e+00,-4.362728725972064327e-05,-1.673831761160246229e-05,9.999999989082445362e-01,1.077887982872584721e-01
-7.453950679794852929e-01,6.666229759416031353e-01,-2.405450407227168941e-05,6.323875307905074683e-01,-6.666229749275769390e-01,-7.453950682534465910e-01,-3.901471849176043445e-05,2.932364617947056384e+00,-4.393821645125498931e-05,-1.304609367730101534e-05,9.999999989496165531e-01,1.077900621093917377e-01
-6.631990139715973065e-01,7.484430955902374727e-01,-2.303049415432363917e-05,5.808139304112280854e-01,-7.484430946499742721e-01,-6.631990143203371213e-01,-3.840969053162391738e-05,2.891120166213761333e+00,-4.402126870460935530e-05,-8.236254571347084331e-06,9.999999989971463110e-01,1.301806364787773396e-01
-5.910892032364259974e-01,8.066061946983418274e-01,-2.217177658536490108e-05,5.473162049869335632e-01,-8.066061938266765319e-01,-5.910892036356125701e-01,-3.776057117635214403e-05,2.854672501497642845e+00,-4.356340839122334140e-05,-4.435973608485766985e-06,9.999999990412761219e-01,1.301818585790843752e-01
-5.159869979244298133e-01,8.565964146061616491e-01,-2.137295753484239934e-05,5.153508170891905049e-01,-8.565964138038751896e-01,-5.159869983664178150e-01,-3.708309523972846115e-05,2.812425242968498829e+00,-4.279341462946645059e-05,-8.263962097647180216e-07,9.999999990840207076e-01,1.301830757277940287e-01
-4.060023679996307977e-01,9.138720242766344981e-01,-2.057228664420039592e-05,4.791086832913197258e-01,-9.138720235702345596e-01,-4.060023684999645166e-01,-3.616718263666986080e-05,2.759310319493558428e+00,-4.140457351156177354e-05,4.116475430639202738e-06,9.999999991343583305e-01,1.524458309385507138e-01
-3.206022949438251390e-01,9.472138977442965402e-01,-1.992009389265018117e-05,4.540484936032957997e-01,-9.472138971138884811e-01,-3.206022954742643871e-01,-3.536882185246995351e-05,2.704446056816265376e+00,-3.988826743354822904e-05,7.529264311570539249e-06,9.999999991761184814e-01,1.524471218339610024e-01
-2.328926181619056512e-01,9.725024565681972266e-01,-1.935238052777549909e-05,4.364899160981104975e-01,-9.725024560168368248e-01,-2.328926187159918171e-01,-3.447940350746515225e-05,2.655151998612927944e+00,-3.803833119151798082e-05,1.079023903751969927e-05,9.999999992183283837e-01,1.524485258881247973e-01
-1.532765216184200086e-01,9.881833370206100087e-01,-1.885124916084760009e-05,4.181479001721946642e-01,-9.881833365404282254e-01,-1.532765221853756576e-01,-3.362415961286004709e-05,2.576324532102727272e+00,-3.611628816097436863e-05,1.347469606591955204e-05,9.999999992570235419e-01,1.524126102319479092e-01
-1.083447904339530504e-01,9.941133768555040495e-01,-1.851403272107979189e-05,4.075009999416527862e-01,-9.941133764275457141e-01,-1.083447909969755540e-01,-3.273603036808820461e-05,2.510771357596905951e+00,-3.454922469974105667e-05,1.485826922977262680e-05,9.999999992927919301e-01,1.524142199360958017e-01
-9.850345410538892399e-02,9.951367087973104208e-01,-1.825827241681714884e-05,3.970661182724848914e-01,-9.951367083989118845e-01,-9.850345465154880520e-02,-3.191693365743782513e-05,2.448618800579702715e+00,-3.356021522379036559e-05,1.502554890421186403e-05,9.999999993239728768e-01,1.745832342946245508e-01
-8.642335015273840126e-02,9.962585027118920911e-01,-1.796207207113423223e-05,3.906242455776420819e-01,-9.962585023416313801e-01,-8.642335068183665259e-02,-3.112772787250998798e-05,2.390330159944134891e+00,-3.256360601666610251e-05,1.520470449515551799e-05,9.999999993542146859e-01,1.745849855586420474e-01
-7.349246802033641834e-02,9.972957719916371033e-01,-1.766024406707974539e-05,3.847845609646156073e-01,-9.972957716487234059e-01,-7.349246853235504029e-02,-3.034138536123198230e-05,2.330251708649052400e+00,-3.155723026849918374e-05,1.538262344103000838e-05,9.999999993837584977e-01,1.745868029370258034e-01
-6.107495951926995847e-02,9.981331820047005809e-01,-1.734620259370609982e-05,3.793875078119499089e-01,-9.981331816872772711e-01,-6.107496001366780752e-02,-2.956625219096980587e-05,2.263140179167709931e+00,-3.057047600912573220e-05,1.550806272934793193e-05,9.999999994124734171e-01,1.745887195879171350e-01
-4.346804926082380172e-02,9.990548175150775201e-01,-1.712815207231269869e-05,3.756196680206440042e-01,-9.990548172283814088e-01,-4.346804974063782356e-02,-2.871432394706796193e-05,2.218031793058487633e+00,-2.943171103725131458e-05,1.586380719024185298e-05,9.999999994410574411e-01,1.745905583713451281e-01
-3.186362884352064717e-02,9.994922255185407778e-01,-1.687946812502040187e-05,3.726693367962711223e-01,-9.994922252568766430e-01,-3.186362930637710172e-02,-2.790133447633267401e-05,2.174045604168960644e+00,-2.842500800591140733e-05,1.598185939143633547e-05,9.999999994682999827e-01,1.745924392544754289e-01
-1.491295797128050146e-02,9.998887955204934785e-01,-1.664702092712002735e-05,3.701688524476411390e-01,-9.998887952859850659e-01,-1.491295841845727971e-02,-2.706940548948259562e-05,2.120909742626146954e+00,-2.731465158121193187e-05,1.624148479354638755e-05,9.999999994950624638e-01,1.745944436216684548e-01
1.384579801469024846e-02,9.999041422081934583e-01,-1.649948763098546225e-05,3.693112035039453622e-01,-9.999041420080798659e-01,1.384579758021732034e-02,-2.616209988690382354e-05,2.045557871403351324e+00,-2.593114347986373184e-05,1.686014117390762789e-05,9.999999995216561910e-01,1.745771767216814374e-01
7.006737990985599518e-02,9.975422607634104599e-01,-1.623551380714233333e-05,3.695948051666350653e-01,-9.975422606048359730e-01,7.006737948723842924e-02,-2.528214938119493704e-05,1.983313822701473272e+00,-2.408243254358013373e-05,1.796706511088766868e-05,9.999999995486109627e-01,1.745794145017331434e-01
1.487182567627281515e-01,9.888796083689985750e-01,-1.604466572855255016e-05,3.738859228702737236e-01,-9.888796082624122796e-01,1.487182563525098200e-01,-2.429504996690888975e-05,1.915881746342865011e+00,-2.163874478567292888e-05,1.947936023939443072e-05,9.999999995761601479e-01,1.745818363868144596e-01
2.512498685131593912e-01,9.679222609886133366e-01,-1.596279769289895900e-05,3.834780816568149620e-01,-9.679222609444508851e-01,2.512498681190490912e-01,-2.320226452790473404e-05,1.849096574984403718e+00,-1.844733752675355051e-05,2.128031314575320025e-05,9.999999996034224514e-01,1.745844211871677432e-01
3.274971375063814305e-01,9.448521708026769161e-01,-1.595604883944929425e-05,3.953992007345483173e-01,-9.448521708061695668e-01,3.274971371327335401e-01,-2.219763909551755314e-05,1.799722193307810025e+00,-1.574792717122443664e-05,2.234577064662463685e-05,9.999999996263351232e-01,1.745869067999778479e-01
3.924206036009421084e-01,9.197858824822269241e-01,-1.599572747908603680e-05,4.121791808005080271e-01,-9.197858825258981019e-01,3.924206032503947394e-01,-2.122859823998842857e-05,1.748876148589121327e+00,-1.324871193925657739e-05,2.304318365093304286e-05,9.999999996467421326e-01,1.745895878229979936e-01
4.578422146888824207e-01,8.890334674184915409e-01,-1.608207754565844859e-05,4.362746630411033499e-01,-8.890334675001294595e-01,4.578422143643581799e-01,-2.026424303296189329e-05,1.690956977130915639e+00,-1.065253625312156636e-05,2.357533107422770882e-05,9.999999996653641254e-01,1.745926231132135797e-01
5.105915462544621253e-01,8.598233961866319497e-01,-1.623463880414402621e-05,4.547634733141241448e-01,-8.598233962995365243e-01,5.105915459565317782e-01,-1.933005932309295313e-05,1.652705756917191904e+00,-8.331167930617084980e-06,2.382868715324385793e-05,9.999999996813930814e-01,1.745952809781891324e-01
5.508808954801226454e-01,8.345838715938620478e-01,-1.644439305517226570e-05,4.803611866984927037e-01,-8.345838717319263855e-01,5.508808952081301058e-01,-1.842928659433053530e-05,1.607940783593143852e+00,-6.321883389221618732e-06,2.387656712641187887e-05,9.999999996949719971e-01,1.745983005789853992e-01
5.659421324971145584e-01,8.244449662561846859e-01,-1.671695820487313744e-05,5.009814712310763918e-01,-8.244449664101999309e-01,5.659421322459537995e-01,-1.760084880391824916e-05,1.574598025392347944e+00,-5.050100227094232647e-06,2.374327395154611286e-05,9.999999997053771184e-01,1.746010402355919477e-01
5.727185157371369462e-01,8.197520975534370313e-01,-1.698796603242258923e-05,5.242123649928622786e-01,-8.197520977194627800e-01,5.727185155048234444e-01,-1.680755632067593120e-05,1.538861239577375972e+00,-4.048706861086230591e-06,2.355191950021123031e-05,9.999999997144579655e-01,1.746039403416699276e-01
5.772698251515435697e-01,8.165534573258745876e-01,-1.728199380273175774e-05,5.462655599343709811e-01,-8.165534575028446929e-01,5.772698249375274315e-01,-1.602337928549741746e-05,1.505314340359158010e+00,-3.107572216542362096e-06,2.336148515063929260e-05,9.999999997222923653e-01,1.746068008418266426e-01
5.770904914090478899e-01,8.166802093934866225e-01,-1.761461387723816716e-05,5.655912119009103289e-01,-8.166802095802215833e-01,5.770904912119093622e-01,-1.525794587980121285e-05,1.475799750645180985e+00,-2.295636261107090611e-06,2.319072203860466321e-05,9.999999997284606534e-01,1.746095326541545201e-01
5.741968555180361200e-01,8.187172715847605975e-01,-1.794450695499702080e-05,5.937923131130768972e-01,-8.187172717798772981e-01,5.741968553365827121e-01,-1.452227628647298110e-05,1.434359662088762200e+00,-1.585958954336540496e-06,2.303012315628710064e-05,9.999999997335495827e-01,1.746128135104653978e-01
5.659607402458853853e-01,8.244321925830100373e-01,-1.825103971184702955e-05,6.175010853693022606e-01,-8.244321927843415443e-01,5.659607400781525577e-01,-1.382007393061363653e-05,1.398695825406044202e+00,-1.064341909762441464e-06,2.286836396225507784e-05,9.999999997379530603e-01,1.746158691939456165e-01
5.496143312257870672e-01,8.354185098311790458e-01,-1.851171458554253224e-05,6.549120102011486422e-01,-8.354185100358672011e-01,5.496143310686525396e-01,-1.316859592609141884e-05,1.343940555479836041e+00,-8.269851562774918317e-07,2.270267806036450618e-05,9.999999997419528608e-01,1.746291714972386389e-01
5.313291732957534652e-01,8.471654556547260073e-01,-1.871288573763382485e-05,6.783169060697957775e-01,-8.471654558611352304e-01,5.313291731485223490e-01,-1.252618071882018980e-05,1.306484541714921566e+00,-6.690454900730336396e-07,2.250843562228380535e-05,9.999999997464619206e-01,1.746323089889319224e-01
