9.999999673802365541e-01,2.554202923762921400e-04,2.898152465714853296e-09,1.862779259681701660e-02,-2.554202923762788043e-04,9.999999673802365541e-01,-4.594477092698423323e-09,-9.198284242302179337e-04,-2.899325893860138675e-09,4.593736695877523818e-09,1.000000000000000000e+00,-2.332141229999251664e-05
9.999998633135117609e-01,5.228507988227871573e-04,-3.446898051136299411e-10,3.925805587948662245e-02,-5.228507988227935541e-04,9.999998633135114279e-01,-1.867372781951930343e-08,-1.795638811507293663e-03,3.349261844917558963e-10,1.867390548841297671e-08,9.999999999999998890e-01,-4.672908304540062009e-05
9.999996772921907473e-01,8.033775664375878908e-04,-9.194811728070236918e-09,5.942202955533257280e-02,-8.033775664379727826e-04,9.999996772921897481e-01,-4.194093021435649285e-08,-2.688192356918518450e-03,9.161114358382940486e-09,4.194830358516074739e-08,9.999999999999992228e-01,-7.011664169810248246e-05
9.999993758511008801e-01,1.117272306691276642e-03,-3.487082661599916464e-08,8.268605108913901214e-02,-1.117272306694455522e-03,9.999993758510972164e-01,-9.127907300474450260e-08,-3.512594719987687918e-03,3.476882127096235015e-08,9.131797624190120438e-08,9.999999999999953371e-01,-9.363744326941959471e-05
9.999990359955399644e-01,1.388527273474384057e-03,-3.923654420819991372e-08,1.304970083121480551e-01,-1.388527273478594014e-03,9.999990359955348573e-01,-1.074838964953157158e-07,-3.552294221445369965e-03,3.908726206225305903e-08,1.075382738921102846e-07,9.999999999999935607e-01,-9.646603988597961807e-05
9.999985922996090792e-01,1.677915014940756623e-03,-5.548350689737663874e-08,1.528704675500450749e-01,-1.677915014948549652e-03,9.999985922996005305e-01,-1.407171036226442631e-07,-4.410977751351746398e-03,5.524731745219440538e-08,1.408100021444276231e-07,9.999999999999886757e-01,-1.199479291289728245e-04
9.999980957032751361e-01,1.951560867352879593e-03,-6.728936001283819730e-08,1.733528084983354256e-01,-1.951560867363981173e-03,9.999980957032634787e-01,-1.653208308972787239e-07,-5.319496733141254249e-03,6.696659820979213201e-08,1.654518353591529564e-07,9.999999999999841238e-01,-1.433482155796661625e-04
9.999975238659659649e-01,2.225367819310025870e-03,-7.494755884591458772e-08,1.929054047178050124e-01,-2.225367819323904092e-03,9.999975238659513099e-01,-1.856026425343745272e-07,-6.254680884280300335e-03,7.453433911783736721e-08,1.857689688429471685e-07,9.999999999999800160e-01,-1.667083463270771005e-04
9.999968256606862615e-01,2.519656433346266315e-03,-9.402359818599200374e-08,2.320507676955786136e-01,-2.519656433367181009e-03,9.999968256606656114e-01,-2.229901604717280388e-07,-9.961399564003121238e-03,9.346144113078040860e-08,2.232263597893528045e-07,9.999999999999708011e-01,1.903918822074915362e-02
9.999959653347455513e-01,2.840653835458673004e-03,-1.318388939858094249e-07,2.586112653669659367e-01,-2.840653835496379388e-03,9.999959653347130217e-01,-2.867004055708566171e-07,-1.075287876337331465e-02,1.310239454532879428e-07,2.870737574905602553e-07,9.999999999999503730e-01,1.901552762674305758e-02
9.999949578894683500e-01,3.175562250684826025e-03,-1.801076828207604982e-07,3.139658832700863433e-01,-3.175562250750372552e-03,9.999949578894177238e-01,-3.648142303458147407e-07,-1.046417385454968124e-02,1.789482843995081651e-07,3.653843340707776019e-07,9.999999999999173994e-01,1.901342179692165277e-02
9.999937906017061229e-01,3.524025819850380367e-03,-2.276247670447438573e-07,3.402854082783519640e-01,-3.524025819951527756e-03,9.999937906016325151e-01,-4.454958090849910771e-07,-1.127822776190658821e-02,2.260534148980362807e-07,4.462951983804004492e-07,9.999999999998750999e-01,1.898977367369499708e-02
9.999925181348353620e-01,3.868290872783220619e-03,-2.724875424285385361e-07,3.678296519001708065e-01,-3.868290872925156561e-03,9.999925181347355529e-01,-5.223031721119594687e-07,-1.207562433501328629e-02,2.704650831199534346e-07,5.233533253834128805e-07,9.999999999998266942e-01,1.896607430184345244e-02
9.999911652120831995e-01,4.203510162301440228e-03,-3.081253080430859391e-07,3.975253420652032910e-01,-4.203510162481831521e-03,9.999911652119577443e-01,-5.871592375091001629e-07,-1.283787602166210941e-02,3.056544559995402778e-07,5.884492579454405037e-07,9.999999999997802869e-01,1.894228410794330381e-02
9.999896788969225847e-01,4.543357734563845986e-03,-3.530021749011245202e-07,4.317226405769381548e-01,-4.543357734797094302e-03,9.999896788967644889e-01,-6.627902965104013905e-07,-1.351822245599712362e-02,3.499872381091906589e-07,6.643872709451697929e-07,9.999999999997181144e-01,1.891830261748406877e-02
9.999877681120257211e-01,4.946071789427831933e-03,-4.271398906663851420e-07,4.711395610485427099e-01,-4.946071789761915388e-03,9.999877681118077843e-01,-7.846594295341634145e-07,-1.410545507941863771e-02,4.232536840702727166e-07,7.867624962314305112e-07,9.999999999996010969e-01,1.889409987657457435e-02
9.999858729747048702e-01,5.315435145214817900e-03,-4.836042071617774997e-07,5.103081401417658425e-01,-5.315435145638788654e-03,9.999858729744328656e-01,-8.796698557068292398e-07,-1.471343979452691478e-02,4.789215472055685467e-07,8.822279953878530104e-07,9.999999999994962918e-01,1.886991054148795879e-02
9.999869735569424378e-01,5.104186140001488840e-03,-5.240952916132137959e-07,5.673247770508312859e-01,-5.104186140497542559e-03,9.999869735566266904e-01,-9.495621546100678760e-07,-1.862320370912604051e-02,5.192417225269447907e-07,9.522248651164836054e-07,9.999999999994120259e-01,3.939229070900752971e-02
9.999997538030929167e-01,-7.017075197839957746e-04,-5.566459081673530416e-07,6.165203142800915748e-01,7.017075192255461122e-04,9.999997538027457500e-01,-1.002806420580131120e-06,-1.904181580531119286e-02,5.573494479288676097e-07,1.002415571072984991e-06,9.999999999993424149e-01,3.936767899459023973e-02
9.998229834174485742e-01,-1.881493635030909856e-02,-6.049811012800756578e-07,6.807506592115821764e-01,1.881493634966417694e-02,9.998229834170877517e-01,-1.054619269209269599e-06,-1.804207520732834663e-02,6.247166040167824898e-07,1.043049903197007031e-06,9.999999999992610356e-01,3.936644648990274969e-02
9.990531047816433308e-01,-4.350739966585259744e-02,-6.888461231782072576e-07,7.294886256467998376e-01,4.350739966503985867e-02,9.990531047812499787e-01,-1.153898573296024768e-06,-1.730361440035467144e-02,7.383969844799626029e-07,1.122836048665674695e-06,9.999999999990971666e-01,3.934185918466705928e-02
9.974310799704528829e-01,-7.163267905407250113e-02,-7.159243265887950913e-07,7.819515076241675411e-01,7.163267905321096807e-02,9.974310799700922825e-01,-1.164219272998468500e-06,-1.510500634252238614e-02,7.974813197775878774e-07,1.109944909276356481e-06,9.999999999990663024e-01,3.931711822077445240e-02
9.956018913204099929e-01,-9.368497210715215351e-02,-7.106019490059732760e-07,8.373152950914010129e-01,9.368497210631919481e-02,9.956018913201044596e-01,-1.126743123095062497e-06,-1.114121575670653543e-02,8.130355424651858970e-07,1.055214860614388768e-06,9.999999999991130428e-01,3.929225385661828246e-02
9.927077739653502597e-01,-1.205457403155699575e-01,-7.284128523520198171e-07,8.871476223942335038e-01,1.205457403147149054e-01,9.927077739650874699e-01,-1.121822456805235615e-06,-6.599491179457070596e-03,8.583320197441522217e-07,1.025834807337937918e-06,9.999999999991058264e-01,3.926762106150061271e-02
9.874714250633367385e-01,-1.577979235694199067e-01,-7.500732312865739175e-07,9.504559363115362425e-01,1.577979235685534332e-01,9.874714250631465573e-01,-1.100708542208343390e-06,1.281326346061674275e-03,9.143654050158722946e-07,9.685582343324837632e-07,9.999999999991131538e-01,3.924241055428618480e-02
9.785096433101204694e-01,-2.062010619479355822e-01,-8.028786371492917597e-07,1.012311179210654499e+00,2.062010619469877848e-01,9.785096433100028968e-01,-1.124941828273103460e-06,1.133185482062172567e-02,1.017588688477741247e-06,9.352119995334147302e-07,9.999999999990452082e-01,3.921725120277819859e-02
9.699133430790101151e-01,-2.434504198324216051e-01,-8.463541560958412416e-07,1.088400911119137282e+00,2.434504198314081658e-01,9.699133430789566024e-01,-1.146019924465407735e-06,2.915582388449802428e-02,1.099889220715110438e-06,9.054947415458081620e-07,9.999999999989853672e-01,3.921738439763707007e-02
9.573638865413719445e-01,-2.888847326281377415e-01,-8.767499614211480405e-07,1.149910662105146919e+00,2.888847326271171134e-01,9.573638865414156873e-01,-1.128915090101649463e-06,4.478421561286770325e-02,1.165495084555071975e-06,8.275028600489341688e-07,9.999999999989785948e-01,3.919220322715930016e-02
9.446727743479994555e-01,-3.280142518318324707e-01,-9.259086253666921558e-07,1.205969928982928430e+00,3.280142518307102018e-01,9.446727743481033723e-01,-1.181856273384810406e-06,6.176622087653534099e-02,1.262346371205068307e-06,8.127562196457591543e-07,9.999999999988730126e-01,3.916723082545813667e-02
9.262841155727339348e-01,-3.768258712411818867e-01,-9.812223658616094815e-07,1.266974044287708656e+00,3.768258712399591426e-01,9.262841155729329978e-01,-1.230857244658748806e-06,8.317367939773578911e-02,1.372709544934555699e-06,7.703735413690857289e-07,9.999999999987612131e-01,3.914201038213797890e-02
9.069592794295364691e-01,-4.212183109216023347e-01,-1.004420325002773402e-06,1.311921047737270030e+00,4.212183109204754583e-01,9.069592794298745320e-01,-1.159489855509273708e-06,1.012580499828880237e-01,1.399366692677584834e-06,6.285298511066844014e-07,9.999999999988234967e-01,3.911747186593135528e-02
8.823772075586884256e-01,-4.705427330007785347e-01,-1.043973631379584514e-06,1.378169141294278699e+00,4.705427329996878516e-01,8.823772075591586050e-01,-1.133999621941998752e-06,1.324933513028745402e-01,1.454773818952549882e-06,5.093812140928303466e-07,9.999999999988121724e-01,3.909190267163398930e-02
8.619442226839272303e-01,-5.070031133835906090e-01,-1.070943966249340685e-06,1.434619871953635384e+00,5.070031133825687597e-01,8.619442226844994392e-01,-1.093610800869316055e-06,1.628219893046501943e-01,1.477558045398108244e-06,3.996595865273569430e-07,9.999999999988286037e-01,3.906671826378774887e-02
8.382130791151712890e-01,-5.453428591253907110e-01,-1.099264733027379150e-06,1.503533957584507252e+00,5.453428591244181556e-01,8.382130791158380889e-01,-1.072675960688054766e-06,2.055857052273131480e-01,1.506394251951028575e-06,2.996548474573671591e-07,9.999999999988204991e-01,3.906717148327972650e-02
8.179657121427351685e-01,-5.752669760707362911e-01,-1.122370730900730772e-06,1.566075213745524941e+00,5.752669760697403101e-01,8.179657121434651401e-01,-1.100328119746463785e-06,2.481954226903931304e-01,1.551043204322345032e-06,2.543678576646448127e-07,9.999999999987648769e-01,3.906710317249829922e-02
7.983079440184337461e-01,-6.022494719929200047e-01,-1.145005891607910812e-06,1.625276692005771295e+00,6.022494719919823103e-01,7.983079440192362153e-01,-1.076281115365699455e-06,2.916419780760432512e-01,1.562257032664367587e-06,1.696245707448843080e-07,9.999999999987653210e-01,3.906682155094096803e-02
7.810649400035015733e-01,-6.244498054255225306e-01,-1.163661060177806363e-06,1.682853639230229792e+00,6.244498054245724017e-01,7.810649400043568891e-01,-1.097162411385589273e-06,3.369205206067498182e-01,1.594017710463113339e-06,1.303071704147987424e-07,9.999999999987211341e-01,3.906652274575763556e-02
7.462430421312962192e-01,-6.656735852271764564e-01,-1.194182221755800431e-06,1.740958726911794097e+00,6.656735852260974307e-01,7.462430421322440166e-01,-1.202966341765872731e-06,3.839657191700888150e-01,1.691933091654200100e-06,1.027697014914703937e-07,9.999999999985634824e-01,3.904090460441112659e-02
7.057469494257018194e-01,-7.084640028786335364e-01,-1.224757128029775777e-06,1.793410195056439171e+00,7.084640028774619180e-01,7.057469494267626375e-01,-1.289098807040915168e-06,4.312358264967543486e-01,1.777648707837975526e-06,4.208121310075721257e-08,9.999999999984191534e-01,3.901546548526071273e-02
6.430566320933680524e-01,-7.658186259938097873e-01,-1.299422465299128276e-06,1.843361640407906732e+00,7.658186259927207695e-01,6.430566320946609071e-01,-1.301035785525312065e-06,4.819078560886198015e-01,1.831959671843170608e-06,-1.584822364865965376e-07,9.999999999983094634e-01,3.899000993439059176e-02
5.832490953408459022e-01,-8.122933538952175070e-01,-1.320724805809094762e-06,1.878563261320494782e+00,8.122933538939857145e-01,5.832490953422928559e-01,-1.434083551555317452e-06,5.237798417980579213e-01,1.935208086043113998e-06,-2.363880479938271425e-07,9.999999999980996312e-01,3.896523607874938233e-02
5.092265894990692932e-01,-8.606324886646986583e-01,-1.397982819685122001e-06,1.926117793565755409e+00,8.606324886635469129e-01,5.092265895007885845e-01,-1.478128592687083311e-06,5.838498058909667998e-01,1.984015512739684147e-06,-4.504470511193873978e-07,9.999999999979305443e-01,6.092278994210702237e-02
4.493987729869714509e-01,-8.933312615350278429e-01,-1.428531005000901336e-06,1.960812350004022209e+00,8.933312615339029650e-01,4.493987729888585525e-01,-1.534131970528321541e-06,6.430979086079775531e-01,2.012468129417230334e-06,-5.867143796822378107e-07,9.999999999978030907e-01,6.089745131796341776e-02
3.851232134779022376e-01,-9.228651637364589932e-01,-1.460637400004832720e-06,1.985406148043820096e+00,9.228651637353900705e-01,3.851232134799662532e-01,-1.586017082012320796e-06,6.919128159622802698e-01,2.026205283299005990e-06,-7.371593780580647818e-07,9.999999999976757481e-01,6.087268910046669118e-02
3.299800231899117087e-01,-9.439879153322007221e-01,-1.533573098225456509e-06,2.013646459730433769e+00,9.439879153313758264e-01,3.299800231921545257e-01,-1.558107049385929184e-06,7.607611533537297355e-01,1.976882711933530408e-06,-9.335302717133951289e-07,9.999999999976104670e-01,6.084711712749420881e-02
2.717845245123284292e-01,-9.623581309643087778e-01,-1.578141813592742785e-06,2.035763055578427405e+00,9.623581309636499714e-01,2.717845245147144095e-01,-1.568499179262045295e-06,8.249152490173112806e-01,1.938372460997767108e-06,-1.092443802490985382e-06,9.999999999975249798e-01,6.082181071082973234e-02
2.317763273744242181e-01,-9.727691062459321580e-01,-1.521444151785642031e-06,2.052913014425433058e+00,9.727691062450977144e-01,2.317763273768484733e-01,-1.677163399643271667e-06,8.863454087433165762e-01,1.984127479109235096e-06,-1.091287094558229460e-06,9.999999999974366061e-01,6.079666943034548604e-02
1.897633561615633402e-01,-9.818298572848295214e-01,-1.533480414546558714e-06,2.065531767278053099e+00,9.818298572840501448e-01,1.897633561640833799e-01,-1.709999177916711166e-06,9.391218542814347980e-01,1.969926638887385430e-06,-1.181121673527145408e-06,9.999999999973626652e-01,6.077192196326888785e-02
1.411411498850584922e-01,-9.899894826748322219e-01,-1.530379224176297428e-06,2.076615794749856914e+00,9.899894826740663900e-01,1.411411498876785076e-01,-1.765590109607779063e-06,9.968279209689531184e-01,1.963915122690862054e-06,-1.265861918141704327e-06,9.999999999972708498e-01,6.074698891309686377e-02
8.555943580798609782e-02,-9.963330682767992386e-01,-1.535731478229825254e-06,2.085922632920786945e+00,9.963330682760950241e-01,8.555943581072222859e-02,-1.814445033572700290e-06,1.074577855123645342e+00,1.939187906353199150e-06,-1.374857162375823217e-06,9.999999999971751485e-01,6.074720725117915138e-02
4.298178228387421890e-02,-9.990758561737755894e-01,-1.529521833108842072e-06,2.091485839316537643e+00,9.990758561731108989e-01,4.298178228667881573e-02,-1.850723030170974472e-06,1.142997088936787975e+00,1.914754270341996958e-06,-1.448560960598122612e-06,9.999999999971181941e-01,6.072186583330468901e-02
1.366825699325072835e-02,-9.999065850110526732e-01,-1.517045768548524610e-06,2.093893004501353072e+00,9.999065850103897590e-01,1.366825699609930563e-02,-1.883606183140387599e-06,1.198951140056173870e+00,1.904165597528974775e-06,-1.491158440348579282e-06,9.999999999970757836e-01,6.069704292221100167e-02
1.386042409020825546e-02,-9.999039397071429747e-01,-1.474509754450822322e-06,2.094769401828365574e+00,9.999039397063813617e-01,1.386042409300277875e-02,-1.902300553242913566e-06,1.244806656026238523e+00,1.922555148220624931e-06,-1.448001420195882310e-06,9.999999999971040943e-01,6.067263701093282557e-02
8.722673800231910482e-03,-9.999619567562776368e-01,-1.389742424237581261e-06,2.095550392467227852e+00,9.999619567552984201e-01,8.722673802947210689e-03,-1.959995614621741929e-06,1.300361235097666324e+00,1.972043319867622245e-06,-1.372593151530233764e-06,9.999999999971140863e-01,6.064783288054245020e-02
6.047192625981018602e-03,-9.999817155626360421e-01,-1.323587631379893474e-06,2.096188670071416293e+00,9.999817155615000619e-01,6.047192628618305692e-03,-1.997797237191255161e-06,1.346932762137742046e+00,2.005764697960617181e-06,-1.311482365602300291e-06,9.999999999971290743e-01,6.062340078487377798e-02
6.150714585989326341e-03,-9.999810841753468127e-01,-1.256982354476520552e-06,2.096528465853311207e+00,9.999810841740521816e-01,6.150714588537986409e-03,-2.034019309277928854e-06,1.402873863297630974e+00,2.041712173830547017e-06,-1.244447905383324469e-06,9.999999999971419529e-01,6.059858558646121635e-02
4.533228722612607162e-03,-9.999897248651964388e-01,-1.173757552008233435e-06,2.096932099798779259e+00,9.999897248637067415e-01,4.533228725049356748e-03,-2.081885190264177915e-06,1.455669920414160989e+00,2.087184710064209245e-06,-1.164307829747724198e-06,9.999999999971446174e-01,6.057390141678876266e-02
2.497898161976075913e-03,-9.999968802469088036e-01,-1.105615389375336048e-06,2.097193911653263410e+00,9.999968802452660066e-01,2.497898164315974154e-03,-2.120216389356454857e-06,1.511277205008786595e+00,2.122971489456379723e-06,-1.100315855504526593e-06,9.999999999971417308e-01,6.054910447132246659e-02
1.913736506677884844e-03,-9.999981688040647798e-01,-1.049124716199660828e-06,2.095955530597302552e+00,9.999981688023016346e-01,1.913736508928705034e-03,-2.148780865601070265e-06,1.583615588448463951e+00,2.150784679034093737e-06,-1.045010594657544103e-06,9.999999999971416198e-01,6.054875763734041821e-02
-1.987896302691859272e-03,-9.999980241316794860e-01,-1.013581920512851110e-06,2.094797441362599599e+00,9.999980241298490613e-01,-1.987896300491926761e-03,-2.167006119285500108e-06,1.653740562544073311e+00,2.164986941816724818e-06,-1.017887701259027535e-06,9.999999999971389553e-01,6.054819793889263529e-02
-8.097714426889678768e-03,-9.999672129725730718e-01,-9.621612019794776097e-07,2.094491337064565695e+00,9.999672129706337342e-01,-8.097714424757790352e-03,-2.199489194733051375e-06,1.717066125088699824e+00,2.191625773376286033e-06,-9.799404909558714427e-07,9.999999999971187492e-01,6.052308964727733109e-02
-1.468800027873968725e-02,-9.998921255050358115e-01,-9.132068057805102752e-07,2.092442783100160852e+00,9.998921255030006616e-01,-1.468800027667522407e-02,-2.227860872757617429e-06,1.790056413795689361e+00,2.214207361575151711e-06,-9.458311151757378575e-07,9.999999999971017628e-01,6.052281301891775100e-02
-2.072308289285895028e-02,-9.997852538593621219e-01,-8.872132211841324154e-07,2.091622836569379640e+00,9.997852538572913339e-01,-2.072308289082978525e-02,-2.238433564643318372e-06,1.845986710643387374e+00,2.219567076549797965e-06,-9.334099398773848729e-07,9.999999999971015407e-01,6.049800971893808110e-02
-2.579723257988118801e-02,-9.996671960159868586e-01,-8.688446364558355174e-07,2.093793151233795502e+00,9.996671960138964197e-01,-2.579723257787686075e-02,-2.244227618688874176e-06,1.914904063634068843e+00,2.221066943635649785e-06,-9.264503433390286572e-07,9.999999999971047604e-01,8.189072740675219786e-02
-3.089135775894239280e-02,-9.995227481228812216e-01,-8.326671739702633434e-07,2.092079544269297209e+00,9.995227481207303866e-01,-3.089135775699248729e-02,-2.261027653951456308e-06,1.976218419495985978e+00,2.234226354695771311e-06,-9.021159961577570425e-07,9.999999999970977660e-01,8.186570387101534119e-02
-3.323568276183268277e-02,-9.994475420904910257e-01,-7.949526307141756368e-07,2.089971715469829849e+00,9.994475420882731331e-01,-3.323568275994712162e-02,-2.278070857591515190e-06,2.038995132565400770e+00,2.250391525884214884e-06,-8.702266931757776527e-07,9.999999999970898834e-01,8.184062097736978514e-02
-3.518888325535678846e-02,-9.993806794684040318e-01,-7.161108002776701205e-07,2.088099773899758205e+00,9.993806794660266002e-01,-3.518888325361013703e-02,-2.320958496444458618e-06,2.095151064214020753e+00,2.294321939847007813e-06,-7.973392357263708763e-07,9.999999999970509146e-01,8.181580946463530568e-02
-3.981012974908445384e-02,-9.992072625681319709e-01,-6.797115465308357461e-07,2.085893906905752715e+00,9.992072625656981399e-01,-3.981012974739819160e-02,-2.336558106487124060e-06,2.155047507844951138e+00,2.307646424556179613e-06,-7.721913951289012747e-07,9.999999999970400344e-01,8.179084755867507828e-02
-9.032470050463724254e-02,-9.959123698791576551e-01,-6.543826377512318772e-07,2.083415753026923944e+00,9.959123698766610966e-01,-9.032470050283872287e-02,-2.392804349918485456e-06,2.214860565834412931e+00,2.323916535015338335e-06,-8.678370998415504000e-07,9.999999999969239051e-01,8.176588941611777350e-02
-1.760143904659823844e-01,-9.843875935567302227e-01,-6.921527337459773390e-07,2.076167304646436396e+00,9.843875935542947264e-01,-1.760143904638196144e-01,-2.456704392879643258e-06,2.289585196454430704e+00,2.296520483848875063e-06,-1.113761890212040791e-06,9.999999999967434938e-01,8.174031264337960900e-02
-2.449939958574038623e-01,-9.695245958681429910e-01,-7.328594548923919757e-07,2.059735190645945568e+00,9.695245958658350593e-01,-2.449939958549353647e-01,-2.494329516698313351e-06,2.370195883090531641e+00,2.238767650384755214e-06,-1.321621022111989402e-06,9.999999999966213693e-01,8.174094251961402935e-02
-3.125695159371334464e-01,-9.498948877145299008e-01,-7.920894829388992500e-07,2.040113850377221372e+00,9.498948877124071544e-01,-3.125695159343227503e-01,-2.533204369012506248e-06,2.445639420872677050e+00,2.158694853402211098e-06,-1.544204213846495194e-06,9.999999999964784836e-01,8.171524164054032313e-02
-3.845358788303824826e-01,-9.231100464687250762e-01,-8.089660099451161320e-07,2.020756002215602809e+00,9.231100464667248984e-01,-3.845358788272749129e-01,-2.595524514851003580e-06,2.504033402861771229e+00,2.084878299939185356e-06,-1.744836951374469987e-06,9.999999999963052888e-01,8.169020680667248013e-02
-4.582552915034502905e-01,-8.888206162147997969e-01,-7.950503350361697492e-07,2.001498457175157508e+00,8.888206162128806653e-01,-4.582552915000707161e-01,-2.672207628188653874e-06,2.550620668496919041e+00,2.010777207701298695e-06,-1.931210414320440729e-06,9.999999999961144415e-01,8.166562282310876886e-02
-5.172433221840707640e-01,-8.558383875798558638e-01,-8.358193735755273138e-07,1.971135705644068370e+00,8.558383875781632177e-01,-5.172433221803909298e-01,-2.720717312283641440e-06,2.608985904786078613e+00,1.896172328074491617e-06,-2.122599166316776300e-06,9.999999999959503505e-01,8.164040338644834582e-02
-5.790808159074251060e-01,-8.152701445823420379e-01,-8.235848119991470434e-07,1.940138445935694289e+00,8.152701445807856162e-01,-5.790808159035066849e-01,-2.784637864230195722e-06,2.660094998376843822e+00,1.793309949282213626e-06,-2.283974475178214796e-06,9.999999999957845942e-01,8.161542419136828819e-02
-6.395594082546771642e-01,-7.687416752799250963e-01,-8.613058903556591767e-07,1.907129394081895857e+00,7.687416752786585539e-01,-6.395594082504308941e-01,-2.849630978069604649e-06,2.706526384719080802e+00,1.639773806452323443e-06,-2.484630035157779053e-06,9.999999999955696550e-01,8.159055469708605124e-02
-6.889191245182427759e-01,-7.248382163435767023e-01,-9.383985828526552641e-07,1.856813635659448680e+00,7.248382163427040670e-01,-6.889191245136428998e-01,-2.912610400886712525e-06,2.772614954570757018e+00,1.464690597738780459e-06,-2.686740162455042446e-06,9.999999999953187446e-01,1.040232448879525873e-01
-7.108060448283437527e-01,-7.033880626186174156e-01,-1.055835195689730667e-06,1.812257835313829446e+00,7.033880626181587825e-01,-7.108060448234480022e-01,-2.952925496165851889e-06,2.819191855233772692e+00,1.326558504371610256e-06,-2.841619165342688771e-06,9.999999999950833773e-01,1.039980448946632025e-01
-7.297575897698996839e-01,-6.837059749423956001e-01,-1.138192241451304110e-06,1.766616873604846871e+00,6.837059749422637056e-01,-7.297575897647791132e-01,-2.991546604712049499e-06,2.864079110360440161e+00,1.214733861149790685e-06,-2.961292676052177688e-06,9.999999999948783191e-01,1.039728543926492083e-01
-7.467350623285111677e-01,-6.651216029327493562e-01,-1.185352948341356087e-06,1.721971421934610058e+00,6.651216029328549384e-01,-7.467350623232453799e-01,-3.021418629619375176e-06,2.905736596469640443e+00,1.124466194308585082e-06,-3.044603081751338651e-06,9.999999999947337681e-01,1.039477804419758067e-01
-7.626292688481454141e-01,-6.468358356604433368e-01,-1.264743698173857167e-06,1.670979138514586460e+00,6.468358356608849835e-01,-7.626292688426861144e-01,-3.058592599852331322e-06,2.950759584573002137e+00,1.013876738458607615e-06,-3.150653785034858507e-06,9.999999999945234919e-01,1.039224086479669656e-01
-7.780747832291167176e-01,-6.281716578302295462e-01,-1.335812342229457911e-06,1.612365386900078246e+00,6.281716578310030386e-01,-7.780747832235052064e-01,-3.089523365481833181e-06,2.998375165079134153e+00,9.013891157924858975e-07,-3.242999676447964602e-06,9.999999999943358642e-01,1.039222821980963357e-01
-7.936600767069218465e-01,-6.083614736650655441e-01,-1.277875256279793513e-06,1.563267171331899741e+00,6.083614736657895206e-01,-7.936600767013707314e-01,-3.092538868593977619e-06,3.042641030614094078e+00,8.671829295505228677e-07,-3.231834709738859783e-06,9.999999999944022555e-01,1.251051866120760359e-01
-8.378365411753143643e-01,-5.459211758758774069e-01,-1.298303934410855239e-06,1.505935148450161964e+00,5.459211758770468048e-01,-8.378365411695861686e-01,-3.163465699558428129e-06,3.086093457787062899e+00,6.392364367522864763e-07,-3.359238770364152369e-06,9.999999999941540096e-01,1.250796319108103960e-01
-8.720837323915640038e-01,-4.893566835108685842e-01,-1.115041477747829635e-06,1.452874314555668400e+00,4.893566835118143277e-01,-8.720837323860974877e-01,-3.138830731988448599e-06,3.120455224521584192e+00,5.635982634282226315e-07,-3.282976219626623515e-06,9.999999999944527707e-01,1.250544312906034794e-01
-9.090404651512883349e-01,-4.167078505575708136e-01,-1.104188381200480674e-06,1.394952362199731732e+00,4.167078505589023041e-01,-9.090404651457065777e-01,-3.202744639123652084e-06,3.152667355260966975e+00,3.308569147990303345e-07,-3.371548443451927972e-06,9.999999999942621454e-01,1.250290956399545406e-01
-9.405724167190426810e-01,-3.395931814777332081e-01,-1.063684330573215773e-06,1.342566934613859342e+00,3.395931814793815562e-01,-9.405724167133767688e-01,-3.266516683795140786e-06,3.176637573247130142e+00,1.088146515726867874e-07,-3.433615437439395405e-06,9.999999999940997197e-01,1.250041154171606661e-01
-9.669918404830437630e-01,-2.548073398434982373e-01,-1.047011422836299372e-06,1.289213794166375937e+00,2.548073398456013328e-01,-9.669918404772185339e-01,-3.360067726555446779e-06,3.195881999874031987e+00,-1.562815836715603501e-07,-3.515944270490406190e-06,9.999999999938072870e-01,1.249791607374498292e-01
-9.849178751042021451e-01,-1.730224820628032678e-01,-1.025094069687608131e-06,1.226476955955639880e+00,1.730224820653424034e-01,-9.849178750982909847e-01,-3.437374033239491836e-06,3.212189058106345474e+00,-4.148904858832532843e-07,-3.562895449044416842e-06,9.999999999935672568e-01,1.249538402872793774e-01
-9.949961449372993760e-01,-9.991332022777538180e-02,-9.876059539767018042e-07,1.154733337301156793e+00,9.991332023064226908e-02,-9.949961449313962092e-01,-3.485588312813566342e-06,3.224373450048182210e+00,-6.344074156377796194e-07,-3.566821924029369812e-06,9.999999999934380268e-01,1.249281569642164552e-01
-9.997595336590251458e-01,-2.192885900019538037e-02,-9.159311985912480303e-07,1.086859316844452250e+00,2.192885900326378007e-02,-9.997595336532981714e-01,-3.486387850898092897e-06,3.230887758830580658e+00,-8.392584403597548688e-07,-3.505634818078968709e-06,9.999999999935034189e-01,1.249026582910864602e-01
-9.978475070533545654e-01,6.557707424542201513e-02,-9.038141184734558426e-07,1.014059250128531708e+00,-6.557707424176985322e-02,-9.978475070474863706e-01,-3.606405252990450336e-06,3.231039312143439535e+00,-1.138366169987494907e-06,-3.539373005572751989e-06,9.999999999930888617e-01,1.249021361598915136e-01
-9.885195512816857821e-01,1.510930068968893702e-01,-8.437953802723098114e-07,9.589503071397219580e-01,-1.510930068928919290e-01,-9.885195512759172853e-01,-3.650182629629113598e-06,3.227436787878092073e+00,-1.385625299908934215e-06,-3.480785313929503642e-06,9.999999999929825023e-01,1.248771767496584389e-01
-9.750001479595935550e-01,2.222042112070896080e-01,-7.788705987858511595e-07,8.983978117952200471e-01,-2.222042112028878025e-01,-9.750001479539888161e-01,-3.660970797865758752e-06,3.218050211676076966e+00,-1.572882077445168227e-06,-3.396378742562537840e-06,9.999999999929958250e-01,1.248519344366989248e-01
-9.531652014859894884e-01,3.024501589942069635e-01,-7.436672700408396254e-07,8.552526450571841243e-01,-3.024501589894544873e-01,-9.531652014803007056e-01,-3.777803613642445205e-06,3.208515659710291956e+00,-1.851435066877830757e-06,-3.375948658512897349e-06,9.999999999925880401e-01,1.248274445349084744e-01
-9.267451897507896774e-01,3.756905019738603912e-01,-6.347289759634150698e-07,8.133922374557551738e-01,-3.756905019692610148e-01,-9.267451897456322474e-01,-3.662968605053418403e-06,3.195547388760655139e+00,-1.964374539213277663e-06,-3.156176887347287393e-06,9.999999999930903050e-01,1.248029586466592594e-01
-8.861295316581561110e-01,4.634376475028874620e-01,-5.362254616600716831e-07,7.596436210452613969e-01,-4.634376474981760641e-01,-8.861295316533471800e-01,-3.629937799935502330e-06,3.173704909721420719e+00,-2.157415051785357460e-06,-2.968088016124718984e-06,9.999999999932683847e-01,1.247778278012018210e-01
-8.458500149350215436e-01,5.334208022136135430e-01,-4.585150640225554754e-07,7.198679198401999324e-01,-5.334208022088320345e-01,-8.458500149305280269e-01,-3.593370217436977563e-06,3.153215337486678926e+00,-2.304613397785092104e-06,-2.794870778810385010e-06,9.999999999934391370e-01,1.247532867361896836e-01
-7.784401565944309986e-01,6.277188244756740643e-01,-3.421810465634588567e-07,6.583812472114181080e-01,-6.277188244703201248e-01,-7.784401565898309006e-01,-3.741601754651151182e-06,3.118692174714239762e+00,-2.615041322554673729e-06,-2.697819571499802146e-06,9.999999999929420902e-01,1.462609899940114644e-01
-7.183598134398776480e-01,6.956717461810266734e-01,-2.584384310005268044e-07,6.168695627438267604e-01,-6.956717461754617915e-01,-7.183598134355241305e-01,-3.750123761015611668e-06,3.085304299125478877e+00,-2.794506928298800429e-06,-2.514149890766644566e-06,9.999999999929353178e-01,1.462360383565111110e-01
-6.556556786605254317e-01,7.550600181708582159e-01,-1.752728599478237289e-07,5.789374756267763322e-01,-7.550600181650490850e-01,-6.556556786563576544e-01,-3.777250434588112562e-06,3.048682514405936850e+00,-2.966969427715115914e-06,-2.344234168344589732e-06,9.999999999928512739e-01,1.462111022478640165e-01
-5.574449018969279690e-01,8.302139370964117804e-01,-3.593067587701850740e-08,5.253633909318948803e-01,-8.302139370902171800e-01,-5.574449018929344968e-01,-3.839050501183860492e-06,2.992464020591595997e+00,-3.207262603389019528e-06,-2.110228982127616555e-06,9.999999999926305616e-01,1.682451269811127970e-01
-4.875801777757712285e-01,8.730782154195283473e-01,2.815364313998372927e-08,4.908804466669288713e-01,-8.730782154132048500e-01,-4.875801777721162633e-01,-3.821748699702656100e-06,2.940839516441295043e+00,-3.322958376191173625e-06,-1.887989242925379376e-06,9.999999999926971750e-01,1.682197358994896030e-01
-4.096332321373986063e-01,9.122503028931573388e-01,1.125692984578497525e-07,4.670116834097871039e-01,-9.122503028867475772e-01,-4.096332321340510063e-01,-3.801157425157435640e-06,2.898471504757743400e+00,-3.421494886878094555e-06,-1.659771778544232310e-06,9.999999999927696726e-01,1.681949620187464800e-01
-3.369471734953293218e-01,9.415235537539593524e-01,1.596609821128958900e-07,4.374621649721723293e-01,-9.415235537475056260e-01,-3.369471734923811246e-01,-3.763514688564826101e-06,2.828725752773357804e+00,-3.489640407542824611e-06,-1.418430211993821058e-06,9.999999999929056749e-01,1.681945241414438130e-01
-2.918346605032787200e-01,9.564687819939030611e-01,1.938565475777310619e-07,4.145831893871303464e-01,-9.564687819874405639e-01,-2.918346605005484040e-01,-3.740662661775993992e-06,2.763862401622204423e+00,-3.521253000210802187e-06,-1.277072753898648350e-06,9.999999999929852779e-01,1.681688037640728384e-01
-2.821666981733272350e-01,9.593653915177190461e-01,1.338476713765980410e-07,3.904986967602748771e-01,-9.593653915114331854e-01,-2.821666981709671784e-01,-3.661934018180821615e-06,2.697251363970697202e+00,-3.475365407573892548e-06,-1.161684654491768540e-06,9.999999999932864814e-01,1.896996903822750768e-01
-2.709505154494991075e-01,9.625932776503514088e-01,7.974422363231208452e-08,3.737850476907808583e-01,-9.625932776442106542e-01,-2.709505154474724509e-01,-3.595197143811217660e-06,2.640117588828091666e+00,-3.439105863963289507e-06,-1.050881772857634325e-06,9.999999999935343942e-01,1.896744016490339302e-01
-2.588923323376982610e-01,9.659061860536705124e-01,3.495022880396789814e-08,3.571978363641148957e-01,-9.659061860476557682e-01,-2.588923323359577644e-01,-3.538434807008209471e-06,2.580669873093286437e+00,-3.408747722786121295e-06,-9.498322822167798670e-07,9.999999999937394524e-01,1.896490132352701419e-01
-2.467880033008269247e-01,9.690694925684079086e-01,4.371774613214603350e-08,3.399228826636012668e-01,-9.690694925623611899e-01,-2.467880032991268680e-01,-3.543841488341545706e-06,2.515096012914186829e+00,-3.423439657573323020e-06,-9.169430989826873040e-07,9.999999999937200235e-01,1.896233435908226683e-01
-2.328715560189267286e-01,9.725075004324266192e-01,-8.759193003584479184e-09,3.295286284766372753e-01,-9.725075004265362200e-01,-2.328715560175472488e-01,-3.478223155186184443e-06,2.475813389286616761e+00,-3.384637873500507764e-06,-8.014608574355957623e-07,9.999999999939512829e-01,1.895989363356077317e-01
-2.226388473736862772e-01,9.749009917115265544e-01,-3.299832832275457316e-08,3.196901747998843191e-01,-9.749009917056996599e-01,-2.226388473724720818e-01,-3.449823785704671461e-06,2.436346652147373337e+00,-3.370583339696493791e-06,-7.358946882851288852e-07,9.999999999940492046e-01,1.895745287544919611e-01
-2.074843166159345831e-01,9.782383443509137244e-01,-6.605724314510434255e-08,3.077352335987930121e-01,-9.782383443452047356e-01,-2.074843166149532292e-01,-3.402837990289488555e-06,2.384283589551373428e+00,-3.342492443666609830e-06,-6.414157868036771380e-07,9.999999999942085216e-01,1.895495299836098269e-01
-1.777304451346617964e-01,9.840792086373043590e-01,-1.191071094322582183e-07,2.945518450941561617e-01,-9.840792086318398413e-01,-1.777304451340755709e-01,-3.313009204075179060e-06,2.316084400419180511e+00,-3.281432435332436359e-06,-4.716117705829883071e-07,9.999999999945052842e-01,1.895485239696443336e-01
-1.250496554424467555e-01,9.921504843891937320e-01,-1.268413862081564291e-07,2.837985665868780205e-01,-9.921504843838904186e-01,-1.250496554421943185e-01,-3.255889645077577262e-06,2.255822920093750739e+00,-3.246193960122618658e-06,-2.813021355092325815e-07,9.999999999946919127e-01,1.895231687686965705e-01
-5.050258507612681580e-02,9.987239302733390556e-01,-7.463189513608712487e-08,2.757912635610614838e-01,-9.987239302681698572e-01,-5.050258507610534686e-02,-3.214199403079473846e-06,2.190328805095330011e+00,-3.213866964159253911e-06,-8.778871917198002700e-08,9.999999999948319118e-01,1.894975950215459226e-01
5.343521643731312387e-02,9.985713182563872303e-01,-2.590401527691309277e-08,2.727140399322111608e-01,-9.985713182514753816e-01,5.343521643696915596e-02,-3.137731997049112205e-06,2.124795379426950959e+00,-3.131864989965670479e-06,1.935323950676779513e-07,9.999999999950772711e-01,1.894720408516935573e-01
1.297617227365238102e-01,9.915452058844568262e-01,4.046145147688142433e-08,2.754300702926589239e-01,-9.915452058796477841e-01,1.297617227360216008e-01,-3.109203502472584265e-06,2.072407020970394864e+00,-3.088166174643893101e-06,3.633362445844449020e-07,9.999999999951659779e-01,1.894470990626641871e-01
1.978908765061962449e-01,9.802240565276918449e-01,8.834071348765036854e-08,2.822858600433342247e-01,-9.802240565230095903e-01,1.978908765055282792e-01,-3.074072196318666787e-06,2.019514057485189973e+00,-3.030761339557669448e-06,5.217371488418296134e-07,9.999999999952714491e-01,1.894221191165896268e-01
2.644206323787756108e-01,9.644074497702695981e-01,1.232539882855075253e-07,2.982245884393202595e-01,-9.644074497657437739e-01,2.644206323779225154e-01,-3.032250115412578900e-06,1.948000713307020959e+00,-2.956915498396206131e-06,6.829224285321290697e-07,9.999999999953953500e-01,1.894214863195584631e-01
3.216081111136634973e-01,9.468728652072977425e-01,1.609295574489506299e-07,3.098910313201272415e-01,-9.468728652029068105e-01,3.216081111126815051e-01,-2.995242145810904475e-06,1.904435466507279795e+00,-2.887869763586983269e-06,8.109143376847605551e-07,9.999999999955014873e-01,1.893968920373092502e-01
3.657751005124830201e-01,9.307032694930379435e-01,2.334664344153070240e-07,3.271316968631691191e-01,-9.307032694886873125e-01,3.657751005115200682e-01,-2.975879778457238422e-06,1.853504879428227392e+00,-2.855057247942694747e-06,8.712147512520727233e-07,9.999999999955450081e-01,1.893719028149844774e-01
3.818222494940151091e-01,9.242357760827401014e-01,2.594210998392973585e-07,3.405724436749699158e-01,-9.242357760783902476e-01,3.818222494930530453e-01,-2.973404844005331204e-06,1.818085985611615163e+00,-2.847179881514048838e-06,8.955458646534370826e-07,9.999999999955460073e-01,1.893476442217284783e-01
3.885668051392575095e-01,9.214205543310852731e-01,2.608714529071825624e-07,3.552742665592460991e-01,-9.214205543267318665e-01,3.885668051382648591e-01,-2.976664120267995815e-06,1.781434392917265574e+00,-2.844125490762710754e-06,9.162605484394407489e-07,9.999999999955359042e-01,1.893233121913762973e-01
3.917203337941161934e-01,9.200843331413607329e-01,2.146365110376785049e-07,3.686971037048814015e-01,-9.200843331370673894e-01,3.917203337929821005e-01,-2.972105247557553899e-06,1.748320221948195696e+00,-2.818664960472771606e-06,9.667503685195231676e-07,9.999999999955605512e-01,1.892991527318309830e-01
3.914066686822756935e-01,9.202178110159709989e-01,1.420358008765985045e-07,3.794268367367534256e-01,-9.202178110117656962e-01,3.914066686809452578e-01,-2.966447444888721192e-06,1.721418547846323088e+00,-2.785371533883959364e-06,1.030383438456979539e-06,9.999999999955903052e-01,1.892753045882329122e-01
3.847813850006455150e-01,9.230077387308230907e-01,-1.152495543358824042e-09,3.957604850027290899e-01,-9.230077387267925371e-01,3.847813849989619728e-01,-2.955410652804835673e-06,1.682168943029099140e+00,-2.727423444834998567e-06,1.138250766537277754e-06,9.999999999956331598e-01,1.892508364877022731e-01
3.721997450461731471e-01,9.281526543557085951e-01,-1.366533200470216533e-07,4.089009430772892473e-01,-9.281526543518322514e-01,3.721997450441850153e-01,-2.948302494577800717e-06,1.649328029183849464e+00,-2.685612455305000190e-06,1.224192578528489942e-06,9.999999999956448171e-01,1.892266975140862173e-01
3.519102947301752660e-01,9.360337304086993049e-01,-3.133240421036920269e-07,4.307576309054341746e-01,-9.360337304050380114e-01,3.519102947278170412e-01,-2.934298086221965886e-06,1.596326351985749792e+00,-2.636340027775432935e-06,1.325891576304467709e-06,9.999999999956461494e-01,1.892246187942324132e-01
3.311825206732509352e-01,9.435667109432601674e-01,-4.817980414929804551e-07,4.426423913534381915e-01,-9.435667109398137020e-01,3.311825206705510394e-01,-2.919313530925392283e-06,1.563255309185482167e+00,-2.595003976751648732e-06,1.421434207156177580e-06,9.999999999956230567e-01,1.892004934735674326e-01
