9.999993060261236355e-01,-1.178111453508068687e-03,-8.211140757129088640e-07,2.526485919952392578e-02,1.178111453674888804e-03,9.999993060264400491e-01,2.027091420620510176e-07,-1.508933259174227715e-03,8.208746919194564225e-07,-2.036763652845729517e-07,9.999999999996422861e-01,2.503909399820258841e-06
9.999946086521256383e-01,-3.283696689855684307e-03,-1.652554523181261405e-06,4.827232991138981355e-02,3.283696690493145311e-03,9.999946086534157175e-01,3.831772958069268392e-07,-3.047625052016694758e-03,1.651287375669208139e-06,-3.886017177834573082e-07,9.999999999985610399e-01,4.944075183538936672e-06
9.999951193726578369e-01,-3.124295873410260372e-03,-2.481750187602767215e-06,8.054220282178546630e-02,3.124295874785991065e-03,9.999951193755816092e-01,5.506554770711606537e-07,-4.274394683723480547e-03,2.480017664477516616e-06,-5.584065114003596831e-07,9.999999999967688069e-01,7.758819223215415834e-06
9.999956168555133029e-01,-2.960786861414058113e-03,-3.304952274558619500e-06,1.101206493678910520e-01,2.960786863824375718e-03,9.999956168607051499e-01,7.246504842356134135e-07,-5.582458817368765765e-03,3.302792252859594671e-06,-7.344325672679180966e-07,9.999999999942760232e-01,1.049507456728808974e-05
9.999961675983288778e-01,-2.768532386452670409e-03,-4.132839810386086770e-06,1.681856261028605859e-01,2.768532390137671932e-03,9.999961676064662575e-01,8.861844751258959814e-07,-5.933780983578515120e-03,4.130370541297763478e-06,-8.976229797893364711e-07,9.999999999910671455e-01,5.015544492963496122e-05
9.999900281953835179e-01,-4.465812937997661741e-03,-4.959735564512160982e-06,2.103234966256093685e-01,4.465812943252906765e-03,9.999900282071094715e-01,1.049012784491750306e-06,-6.901447438168550712e-03,4.955001412191211368e-06,-1.071151575220332965e-06,9.999999999871502787e-01,5.345375410604357212e-05
9.999823699006812339e-01,-5.938000819753252828e-03,-5.837960230668711118e-06,2.330383247327279805e-01,5.938000826463205734e-03,9.999823699170410363e-01,1.132705440172721888e-06,-8.373308657072366448e-03,5.831131301113248197e-06,-1.167351283137882593e-06,9.999999999823175889e-01,5.597799264279835845e-05
9.999833020831365715e-01,-5.778884875914311325e-03,-6.670650164082437898e-06,2.634815449754652761e-01,5.778884884671488600e-03,9.999833021044974846e-01,1.294264678646847112e-06,-9.571347918259833637e-03,6.663059371686200764e-06,-1.332791986526990776e-06,9.999999999769136894e-01,5.885082966339796786e-05
9.999842983314158884e-01,-5.603841044414976935e-03,-7.494985764561766493e-06,3.021498346159363080e-01,5.603841055527661492e-03,9.999842983583719924e-01,1.462504477339323319e-06,-1.300475657383122312e-02,7.486672438363527913e-06,-1.504482222516763627e-06,9.999999999708431009e-01,2.044475854645846219e-02
9.999854129120785418e-01,-5.401286262511093526e-03,-8.352858192293132757e-06,3.330925531016261654e-01,5.401286275913358935e-03,9.999854129456391405e-01,1.582787370282765051e-06,-1.419758296916403054e-02,8.344187261017026142e-06,-1.627880460342916806e-06,9.999999999638623516e-01,2.044770431667926325e-02
9.999861718303491021e-01,-5.258903312197766439e-03,-9.167144996625961617e-06,3.981337230373718783e-01,5.258903328649290609e-03,9.999861718707123703e-01,1.771437935391762438e-06,-1.405099978222450023e-02,9.157702411333962185e-06,-1.819622568984432526e-06,9.999999999564127551e-01,2.046565250269005362e-02
9.999530220914428780e-01,-9.692961865052841797e-03,-1.002362118657549243e-05,4.292863273633065191e-01,9.692961884463295943e-03,9.999530221397080476e-01,1.889707289446975009e-06,-1.524809990512780364e-02,1.000483343760704434e-05,-1.986777093056506412e-06,9.999999999479779467e-01,2.046866003625660152e-02
9.999546264520358108e-01,-9.526012778615845777e-03,-1.084947791293890084e-05,4.624574630314067236e-01,9.526012801457114584e-03,9.999546265085637042e-01,2.055559356315807140e-06,-1.623683792023956907e-02,1.082940434955025762e-05,-2.158818353782541935e-06,9.999999999390316585e-01,2.047178818085789581e-02
9.999563698769367015e-01,-9.341210104595388738e-03,-1.167565472992209730e-05,4.940904237924709230e-01,9.341210131091360822e-03,9.999563699423952290e-01,2.216865201737257669e-06,-1.728448941785275944e-02,1.165443711681065725e-05,-2.325833223885963595e-06,9.999999999293822661e-01,2.047487083258599933e-02
9.999578234069584903e-01,-9.184293708557011299e-03,-1.250172743058995237e-05,5.262419116470373748e-01,9.184293739064638973e-03,9.999578234819836986e-01,2.385053125701491874e-06,-1.832008127656574795e-02,1.247929512284078098e-05,-2.499772069254685851e-06,9.999999999190092304e-01,2.047800486541002246e-02
9.999592763455609212e-01,-9.024714553776458370e-03,-1.332987279275867178e-05,5.588949854188469679e-01,9.024714588540257848e-03,9.999592764308417037e-01,2.550117857362439710e-06,-1.934347727159821742e-02,1.330631586702093361e-05,-2.670312304700231371e-06,9.999999999079057789e-01,2.048119030029457027e-02
9.999608741076427831e-01,-8.845906027486244785e-03,-1.415741323676750113e-05,5.924232307945199727e-01,8.845906066726010736e-03,9.999608742038395004e-01,2.711461619153271887e-06,-2.034214592755162823e-02,1.413287398202286618e-05,-2.836590678438097658e-06,9.999999998961079939e-01,2.048444669501085433e-02
9.999623912181629937e-01,-8.672711491757287283e-03,-1.498781544869153466e-05,6.336869699855542937e-01,8.672711535719305337e-03,9.999623913259826358e-01,2.870683539517560001e-06,-2.363216236724383773e-02,1.496235516670371189e-05,-3.000560576543697156e-06,9.999999998835624737e-01,4.106090963417191597e-02
9.999639789445230464e-01,-8.487671257606107036e-03,-1.581330103808286822e-05,6.684512373354706272e-01,8.487671306593475018e-03,9.999639790645412640e-01,3.033328006903216203e-06,-2.460078226805736262e-02,1.578698553724769462e-05,-3.167436844710259340e-06,9.999999998703693604e-01,4.106428578155764397e-02
9.999652647887470325e-01,-8.334802893850806402e-03,-1.663405127579461185e-05,7.003153666146554324e-01,8.334802948348374318e-03,9.999652649214924027e-01,3.209637193689632065e-06,-2.567346082505847504e-02,1.660672179734746387e-05,-3.348167245880133786e-06,9.999999998565034520e-01,4.106753873921762527e-02
9.999667839607416786e-01,-8.150501240089282756e-03,-1.745699240854837875e-05,7.350402582655657380e-01,8.150501300214772413e-03,9.999667841069316276e-01,3.375837726055045060e-06,-2.665513697193613168e-02,1.742889778938268571e-05,-3.518008833420319126e-06,9.999999998419286662e-01,4.107097039821314133e-02
9.999682539092517031e-01,-7.968113915815738107e-03,-1.828405826192429007e-05,7.683734497398272412e-01,7.968113981775031690e-03,9.999682540696277488e-01,3.537469995585453622e-06,-2.768958798762847714e-02,1.825529085358517452e-05,-3.683047155022382202e-06,9.999999998265898249e-01,4.107435557793188974e-02
9.999696398142838838e-01,-7.792245151555724295e-03,-1.910992583193824398e-05,8.021051069746619744e-01,7.792245223672844730e-03,9.999696399894686394e-01,3.702256678508130280e-06,-2.871690562165507207e-02,1.908049676273580525e-05,-3.851053505596465004e-06,9.999999998105520982e-01,4.107779039406908583e-02
9.999710053525877607e-01,-7.614988949910397355e-03,-1.993558125464905186e-05,8.354125920097166258e-01,7.614989028457054381e-03,9.999710055432318168e-01,3.867087170359629482e-06,-2.976413415530259135e-02,1.990555540722957660e-05,-4.018784278060679215e-06,9.999999997938091578e-01,4.108122963464308497e-02
9.999584614638191704e-01,-9.114544146805909908e-03,-2.078238010573587639e-05,8.735799197452560616e-01,9.114544231720705589e-03,9.999584616710281981e-01,3.994857879423354540e-06,-3.065790247684167108e-02,2.074510553189200072e-05,-4.184113861588956070e-06,9.999999997760669057e-01,4.108497131519484730e-02
9.999460732188710788e-01,-1.038509446582964318e-02,-2.161239288454777703e-05,9.164781805544272020e-01,1.038509455756425094e-02,9.999460734429225228e-01,4.136648294047785767e-06,-3.133224479808935370e-02,2.156826791930370029e-05,-4.360871961641884399e-06,9.999999997578963296e-01,4.108901657058427331e-02
9.999480032909281446e-01,-1.019755907674775065e-02,-2.243572733305296849e-05,9.708770482801731827e-01,1.019755917569581914e-02,9.999480035323663474e-01,4.300321633755034320e-06,-3.145804472832666732e-02,2.239070797057361546e-05,-4.528887688310713048e-06,9.999999997390727202e-01,4.114126296001335142e-02
9.999498237753121632e-01,-1.001745431978843213e-02,-2.325237377613728973e-05,1.006180644749425257e+00,1.001745442642784818e-02,9.999498240345839895e-01,4.474245134514745214e-06,-3.235462240179425020e-02,2.320638651958431147e-05,-4.706950228394289044e-06,9.999999997196542534e-01,4.114493095894623115e-02
9.999516344744167062e-01,-9.835046131053846660e-03,-2.407368638892075930e-05,1.040063705309306030e+00,9.835046245539918325e-03,9.999516347523017545e-01,4.641894743788682188e-06,-3.330755022787618147e-02,2.402686881017488565e-05,-4.878436055045357540e-06,9.999999996994554108e-01,4.114854300068593318e-02
9.999529712487139621e-01,-9.698178659978289040e-03,-2.493085854328445960e-05,1.076654158049015431e+00,9.698178781395404985e-03,9.999529715470245606e-01,4.753880943087637770e-06,-3.417185757130056234e-02,2.488358209686148453e-05,-4.995441297329574428e-06,9.999999996779267430e-01,4.115234723455103716e-02
9.999257051586570855e-01,-1.218948310817168784e-02,-2.577824531457599151e-05,1.126556606077538492e+00,1.218948323784602335e-02,9.999257054774554065e-01,4.879258041528882044e-06,-3.457689396632571133e-02,2.571685449867067657e-05,-5.193119026989922824e-06,9.999999996558377457e-01,4.115700152591744015e-02
9.999074805272722966e-01,-1.360256149689669652e-02,-2.657678960088248190e-05,1.191743686199634888e+00,1.360256163634108485e-02,9.999074808657010260e-01,5.073147847323740440e-06,-3.428642723004838438e-02,2.650532293374009018e-05,-5.434190901001908706e-06,9.999999996339690167e-01,4.116265013370035142e-02
9.998860776642533033e-01,-1.509406981153360409e-02,-2.738100077902425611e-05,1.252145180876019559e+00,1.509406996076800324e-02,9.998860780231101364e-01,5.251845391028484306e-06,-3.408943570547347951e-02,2.729860976031472152e-05,-5.664537829888993734e-06,9.999999996113496659e-01,4.116804826607158713e-02
9.999608877259069661e-01,-8.844333099996447983e-03,-2.811462612739888279e-05,1.315833853331702885e+00,8.844333256469690333e-03,9.999608881049237841e-01,5.446096394090791435e-06,-3.366992266019392527e-02,2.806535942048765509e-05,-5.694538507727654976e-06,9.999999995899541139e-01,4.117370453861880775e-02
9.999196878544395206e-01,1.267347692953396145e-02,-2.869837667741000583e-05,1.380623992068541028e+00,-1.267347677053455753e-02,9.999196882519513219e-01,5.715462146528676742e-06,-3.361105489949908764e-02,2.876850663826854214e-05,-5.351294915327613066e-06,9.999999995718685808e-01,4.117948078538570533e-02
9.993014361526205702e-01,3.737163156876478071e-02,-2.927795217664273626e-05,1.457791121237621557e+00,-3.737163140971929559e-02,9.993014365696888390e-01,5.960830145722215168e-06,-3.424016973558815374e-02,2.948026561798765285e-05,-4.862501288105163421e-06,9.999999995536352770e-01,4.116075435170771235e-02
9.972553476619533397e-01,7.403898078620814449e-02,-2.972837041049828478e-05,1.536700253752833145e+00,-7.403898063133511342e-02,9.972553480967927264e-01,6.278279249160118128e-06,-3.676075721812991498e-02,3.011161377877087753e-05,-4.059989314315963698e-06,9.999999995384037943e-01,4.113650869199907828e-02
9.950167125504046917e-01,9.970827864944357966e-02,-3.023491688814953376e-05,1.601002585215757890e+00,-9.970827849349775396e-02,9.950167130033352736e-01,6.625770493442942915e-06,-4.205713224738023143e-02,3.074489179060304960e-05,-3.578080861187699135e-06,9.999999995209747361e-01,4.114239864644820416e-02
9.916308804742054450e-01,1.291053676082870860e-01,-3.073566803438508257e-05,1.654924219049205725e+00,-1.291053674541877694e-01,9.916308809462092144e-01,6.954391474942995909e-06,-4.824329362994569242e-02,3.137628683727197146e-05,-2.928049625930812639e-06,9.999999995034778433e-01,4.114763878194285796e-02
9.842115662396127007e-01,1.769960223122775955e-01,-3.107732924859504993e-05,1.705082156909220714e+00,-1.769960221694085456e-01,9.842115667287999470e-01,7.310717101416812458e-06,-5.564982876426383118e-02,3.188063475670761094e-05,-1.694728672069825461e-06,9.999999994903767675e-01,4.115266948880787201e-02
9.758961915723223246e-01,2.182352452791518627e-01,-3.150533083660836381e-05,1.757191035915987021e+00,-2.182352451467815257e-01,9.758961920807107671e-01,7.621820027034329754e-06,-6.584240635994909052e-02,3.240928215676248714e-05,-5.625315386747761606e-07,9.999999994746612275e-01,4.115788893344097393e-02
9.657453799356311430e-01,2.594915415100872425e-01,-3.190144591218555838e-05,1.804443378997185876e+00,-2.594915413883487343e-01,9.657453804623556959e-01,7.969825480854489814e-06,-7.735294597896809343e-02,3.287677631935621316e-05,5.813332352415741279e-07,9.999999994593899988e-01,4.116282696287092840e-02
9.469538144241813615e-01,3.213696817125279437e-01,-3.199189860171280762e-05,1.855209927452580398e+00,-3.213696816102682430e-01,9.469538149617929834e-01,8.427364324398351714e-06,-9.183887756652636680e-02,3.300314981937021649e-05,2.300901475209145372e-06,9.999999994527490887e-01,4.116807631526878120e-02
9.313283766438871236e-01,3.641805236638739895e-01,-3.227643414906544679e-05,1.908920226603655346e+00,-3.641805235732852308e-01,9.313283771965550351e-01,8.849763880800081708e-06,-1.108176707710138431e-01,3.328287068215201152e-05,3.512412458698068770e-06,9.999999994399568770e-01,4.117362217016031639e-02
9.008942161161731521e-01,4.340387198491298948e-01,-3.225142474968889186e-05,1.957234740852489052e+00,-4.340387197860638424e-01,9.008942166759018599e-01,9.294469093228143372e-06,-1.306024766394227044e-01,3.308928150345481821e-05,5.625033661671772894e-06,9.999999994367293477e-01,4.117884959248013094e-02
8.609859147907686916e-01,5.086287973565895015e-01,-3.211685591334109295e-05,2.003711408849416120e+00,-5.086287973255196881e-01,8.609859153530711184e-01,9.738002527380157852e-06,-1.539225220903983615e-01,3.260518910096748001e-05,7.951274782808461400e-06,9.999999994368394818e-01,4.118405049557902903e-02
8.296805355670292537e-01,5.582384865493460468e-01,-3.219166097146773458e-05,2.050169190761771620e+00,-5.582384865373452021e-01,8.296805361370059861e-01,1.019332021532097514e-05,-1.822678935980902304e-01,3.239909818386171566e-05,9.513424724381736310e-06,9.999999994298967021e-01,4.118939283081885644e-02
7.850968470891738216e-01,6.193730214249230093e-01,-3.196248262052081454e-05,2.100329705921891499e+00,-6.193730214382267008e-01,7.850968476567642407e-01,1.067206189168399837e-05,-2.167562384880538373e-01,3.170363156734110001e-05,1.141809729023715071e-05,9.999999994322535946e-01,4.119517029119473123e-02
7.348662514563769621e-01,6.782120549359025308e-01,-3.178164711763774091e-05,2.148283359659222569e+00,-6.782120549772545637e-01,7.348662520215596405e-01,1.110469595861159475e-05,-2.553462100271142177e-01,3.088659856593863089e-05,1.339422990954734548e-05,9.999999994333064190e-01,4.120095096581916083e-02
6.886196302160011440e-01,7.251227509007854843e-01,-3.173728074427675512e-05,2.187436755796322352e+00,-7.251227509656884562e-01,6.886196307824316021e-01,1.153337942283958888e-05,-2.925500935900748889e-01,3.021803036243418656e-05,1.507131284816369593e-05,9.999999994298631734e-01,4.120616756093391231e-02
6.506208659271125461e-01,7.594027178048088356e-01,-3.179502834434275865e-05,2.223211111809740181e+00,-7.594027178853688387e-01,6.506208664990794643e-01,1.201254422512846313e-05,-3.314052857898014959e-01,2.980886762407208805e-05,1.632961901419540377e-05,9.999999994223875976e-01,4.121126629951743503e-02
6.259618077894749666e-01,7.798537133141846267e-01,-3.192192744885357768e-05,2.254366848333086981e+00,-7.798537133981364722e-01,6.259618083722211512e-01,1.259027809000426260e-05,-3.691730681164965278e-01,2.980048255275926571e-05,1.701340042602306988e-05,9.999999994112378499e-01,4.121608415607318221e-02
6.221053233565591034e-01,7.829335639818203463e-01,-3.228242886159785264e-05,2.291407522622566972e+00,-7.829335640537908869e-01,6.221053239616628483e-01,1.328842175519236366e-05,-4.163354378420960344e-01,3.048702226969997434e-05,1.700819917201148155e-05,9.999999993906313334e-01,4.122163831682812418e-02
6.232950831791490565e-01,7.819867250878050902e-01,-3.272837485866735691e-05,2.326964457445220624e+00,-7.819867251436715128e-01,6.232950838105764113e-01,1.402288643529260081e-05,-4.621850586535910521e-01,3.136514619032969384e-05,1.685275850790629240e-05,9.999999993661060627e-01,4.122710187661791231e-02
6.282618717424081067e-01,7.780019404956382001e-01,-3.316242946084929373e-05,2.363349104932221945e+00,-7.780019405309297476e-01,6.282618724003758981e-01,1.476753967515310342e-05,-5.088839890500277408e-01,3.232386455003399584e-05,1.652255235591885887e-05,9.999999993410865207e-01,4.123269725285130805e-02
6.378460728460170204e-01,7.701638697224888475e-01,-3.360050772834672158e-05,2.401578133349689281e+00,-7.701638697317034765e-01,6.378460735309624541e-01,1.552483848346421889e-05,-5.571712244477522447e-01,3.338862160641412774e-05,1.597543979876714940e-05,9.999999993149926159e-01,4.123851553178989326e-02
6.439162471331713045e-01,7.650959845165520301e-01,-3.397911107985707169e-05,2.437743057447831152e+00,-7.650959845005569360e-01,6.439162478428409608e-01,1.628249503704901278e-05,-6.019304839540438046e-01,3.433737328233355093e-05,1.551271834587593338e-05,9.999999992901501544e-01,4.124411445783389418e-02
6.510739036301349536e-01,7.590143416499572915e-01,-3.437294090238010640e-05,2.475531945040385651e+00,-7.590143416071311044e-01,6.510739043646613933e-01,1.703080322819205616e-05,-6.478378242146340948e-01,3.530594873782453690e-05,1.500124356838515108e-05,9.999999992642263358e-01,4.124990523752212340e-02
6.589615097610268535e-01,7.521766597309336166e-01,-3.477761969511531390e-05,2.513718797181810238e+00,-7.521766596592854848e-01,6.589615105205400836e-01,1.778445636540332378e-05,-6.933532549698097069e-01,3.629416579066167793e-05,1.443964159634753286e-05,9.999999992371151336e-01,4.125575052907850399e-02
6.830398039204009786e-01,7.303811505043393826e-01,-3.533181463528242629e-05,2.553427596916854725e+00,-7.303811503867354560e-01,6.830398047079647705e-01,1.855408082391085979e-05,-7.396057719705767530e-01,3.768458666717982257e-05,1.313251569068112037e-05,9.999999992037044150e-01,4.126176842505191456e-02
7.326493556986247713e-01,6.806062887707797771e-01,-3.577786250640531315e-05,2.605523740016253420e+00,-6.806062885687466091e-01,7.326493565023401988e-01,1.942633492046124785e-05,-7.956336694347725391e-01,3.943431365698037535e-05,1.011794645034579599e-05,9.999999991712810177e-01,4.126903384393990071e-02
7.635300006830977315e-01,6.457723567435686984e-01,-3.636929059473791948e-05,2.666251788136575485e+00,-6.457723564785489145e-01,7.635300015066019963e-01,2.018588554997778278e-05,-8.512492327553062843e-01,4.080453138715937688e-05,8.073753283053552535e-06,9.999999991349023398e-01,4.123497600510107886e-02
7.790497352097650596e-01,6.269621270167435867e-01,-3.682709869591800010e-05,2.717206414891405686e+00,-6.269621267043101742e-01,7.790497360506363211e-01,2.092467754864791587e-05,-8.949417370436631991e-01,4.180912186160543422e-05,6.787831615118394516e-06,9.999999991029613344e-01,4.124175182184976890e-02
7.788477157052270394e-01,6.272130693338999752e-01,-3.738312176695631118e-05,2.766743472836919349e+00,-6.272130689991474162e-01,7.788477165738733055e-01,2.154841417927932446e-05,-9.394762751085634633e-01,4.263120602326088247e-05,6.664249371619661481e-06,9.999999990690839891e-01,6.368045999691722414e-02
7.762542918204128339e-01,6.304199179858305246e-01,-3.790946604775099501e-05,2.810673485496861801e+00,-6.304199176322698994e-01,7.762542927171520724e-01,2.215210808985274964e-05,-9.757661136950661618e-01,4.339251591940004334e-05,6.703213485688617607e-06,9.999999990360781688e-01,6.368655242817852780e-02
7.601432014659632586e-01,6.497555785099705661e-01,-3.821320006825015608e-05,2.855649211920940012e+00,-6.497555781576761502e-01,7.601432023887243483e-01,2.269798468180929933e-05,-1.013158987625020213e+00,4.379564644134012420e-05,7.575521160744903890e-06,9.999999990122763194e-01,6.369280939041190026e-02
7.168104157598262915e-01,6.972681165848190199e-01,-3.811146219859191464e-05,2.898793918844341455e+00,-6.972681162715822500e-01,7.168104167035941332e-01,2.315812246271560794e-05,-1.050960661147091635e+00,4.346611353297423442e-05,9.973924064851639500e-06,9.999999990056088750e-01,6.369899832753574132e-02
6.415498763927943715e-01,7.670813220768010199e-01,-3.770008530320377224e-05,2.936707148238463905e+00,-7.670813218425779345e-01,6.415498773508833130e-01,2.347997627876276778e-05,-1.088948154479067565e+00,4.219753634863347111e-05,1.385545538861348659e-05,9.999999990136970718e-01,6.370486956931679934e-02
5.514758243110697844e-01,8.341908737321201972e-01,-3.718154236444494941e-05,2.968929243545604724e+00,-8.341908735875231962e-01,5.514758252729161647e-01,2.372425487876837834e-05,-1.128807771088245593e+00,4.029527866631545937e-05,1.793315029089310940e-05,9.999999990273463757e-01,6.371047812221630746e-02
4.876893502973972949e-01,8.730172370835719287e-01,-3.689807694333132953e-05,2.998606263199661282e+00,-8.730172369912402308e-01,4.876893512637786587e-01,2.408515123989138620e-05,-1.175079404389367532e+00,3.902155139756416868e-05,2.046658542336010845e-05,9.999999990292186558e-01,6.371627369723864565e-02
4.181197009061988767e-01,9.083919387506899090e-01,-3.642626566312793011e-05,3.038438502121668439e+00,-9.083919387112345811e-01,4.181197018665581688e-01,2.440213631952760056e-05,-1.245332110194888653e+00,3.739724326013337869e-05,2.288631214634607094e-05,9.999999990388314108e-01,6.368714306025352601e-02
3.274501466083870604e-01,9.448684565584145600e-01,-3.587568249881987461e-05,3.063789351325135968e+00,-9.448684565923867185e-01,3.274501475533233563e-01,2.457696215215952960e-05,-1.301811692744097027e+00,3.496949382342027623e-05,2.585007089194499530e-05,9.999999990544542472e-01,6.369329389207173397e-02
2.013473212690204406e-01,9.795199104537863910e-01,-3.524763013465484680e-05,3.078194840897626516e+00,-9.795199105938697803e-01,2.013473221800602397e-01,2.451725837107311139e-05,-1.346333282104978490e+00,3.111215866501182322e-05,2.958927122026684076e-05,9.999999990782543202e-01,6.369819889944114411e-02
7.974231491316985387e-02,9.968155105190475984e-01,-3.465456376237638570e-05,3.084413248901962223e+00,-9.968155107524128145e-01,7.974231578143588239e-02,2.443807989445957041e-05,-1.382635632102354961e+00,2.712369225290830761e-05,3.259545761387804046e-05,9.999999991009207445e-01,6.370223594483864771e-02
-2.346472570167863758e-02,9.997246648382372980e-01,-3.408545789564094248e-05,3.087199941714422025e+00,-9.997246651410498508e-01,-2.346472487708150742e-02,2.439382015264282978e-05,-1.429540040446017457e+00,2.358729778439453090e-05,3.464846727959680243e-05,9.999999991215615669e-01,6.370677985619839501e-02
-1.125472628770546324e-01,9.936463719522566906e-01,-3.354101929626378140e-05,3.085155356306678254e+00,-9.936463723080644073e-01,-1.125472620946469660e-01,2.437256722708296776e-05,-1.488210933573432149e+00,2.044276311069525521e-05,3.607097787794245121e-05,9.999999991404889821e-01,6.371187296179220416e-02
-1.558295676803539698e-01,9.877839565093977647e-01,-3.315408686069721834e-05,3.077707824665874004e+00,-9.877839568780418800e-01,-1.558295669085509039e-01,2.472755130125169886e-05,-1.548487440004963522e+00,1.925909146238858962e-05,3.660235873500559500e-05,9.999999991446772984e-01,6.371689834200480740e-02
-1.939896200238653279e-01,9.810035811594685073e-01,-3.279167372790868582e-05,3.067647482096774514e+00,-9.810035815368937095e-01,-1.939896192582918344e-01,2.513582985871441942e-05,-1.608288967621228194e+00,1.829709480549481231e-05,3.704483945494419606e-05,9.999999991464481042e-01,6.372184621462312348e-02
-2.322388485405962599e-01,9.726587871292131648e-01,-3.238619315972622858e-05,3.054458617102170592e+00,-9.726587875149634854e-01,-2.322388477838256415e-01,2.549434828233203143e-05,-1.672423563196674401e+00,1.727596969542358437e-05,3.742149346034640971e-05,9.999999991505863495e-01,6.372700603307256129e-02
-2.708020905626175034e-01,9.626350433712929089e-01,-3.194471088736901531e-05,3.038775882243278659e+00,-9.626350437651076675e-01,-2.708020898169164470e-01,2.580968406995908451e-05,-1.735962903922987355e+00,1.619461187718770559e-05,3.774041456603176634e-05,9.999999991566979052e-01,6.373209712924669812e-02
-3.074025984085834162e-01,9.515795507990815194e-01,-3.150664816047036356e-05,3.021000633404468338e+00,-9.515795511994561418e-01,-3.074025976724464870e-01,2.613950141782143280e-05,-1.797151212339577864e+00,1.518858952880208500e-05,3.801643277328269483e-05,9.999999991620288631e-01,6.373702419296460586e-02
-3.359627897912542682e-01,9.418752586799228332e-01,-3.102104742363905813e-05,2.999875318447366546e+00,-9.418752590788417312e-01,-3.359627890613643419e-01,2.648157401963964090e-05,-1.861081027600064886e+00,1.452042176794898925e-05,3.811478056473878884e-05,9.999999991682104739e-01,6.374207797775174877e-02
-3.937708005495720864e-01,9.192086573278220873e-01,-3.046524130372839977e-05,2.973440100732521962e+00,-9.192086577502389666e-01,-3.937707998541136734e-01,2.644343859485209479e-05,-1.936619637705294217e+00,1.231071524998700374e-05,3.841656755161566215e-05,9.999999991863068871e-01,6.371326911279717731e-02
-4.404282084649440709e-01,8.977878325581969410e-01,-2.998022752591670089e-05,2.944980026889971292e+00,-8.977878329955540915e-01,-4.404282077920885219e-01,2.657434222654742417e-05,-1.993813565788176367e+00,1.065398323079326279e-05,3.861997344117899339e-05,9.999999991974951596e-01,8.594870451913969034e-02
-4.759035640178961302e-01,8.794974683798891801e-01,-2.946912772984184545e-05,2.915400004973450088e+00,-8.794974688220977832e-01,-4.759035633602742288e-01,2.676782188772152559e-05,-2.053023206630476327e+00,9.517768688544078569e-06,3.865692508415389649e-05,9.999999992075271349e-01,8.595339748477634489e-02
-5.113084549789440603e-01,8.593972672919878431e-01,-2.895009521455439304e-05,2.883253947058569633e+00,-8.593972677391230608e-01,-5.113084543377911517e-01,2.693006441062089141e-05,-2.111450949353670836e+00,8.341195325399133520e-06,3.864920235445350134e-05,9.999999992183318254e-01,8.595803883012297086e-02
-5.473737567976674212e-01,8.368882658761473969e-01,-2.842572908708584993e-05,2.850208555706533087e+00,-8.368882663289131107e-01,-5.473737561747578084e-01,2.705775927670407287e-05,-2.165934825576985023e+00,7.084823137170877766e-06,3.859986648064306223e-05,9.999999992299277718e-01,8.596246520570764715e-02
-5.829796624568310826e-01,8.124867459746075715e-01,-2.788031385678965576e-05,2.812804725788388804e+00,-8.124867464323849431e-01,-5.829796618546154718e-01,2.712185156397592685e-05,-2.222314744529237274e+00,5.782488977389355047e-06,3.846387336498771224e-05,9.999999992435465446e-01,8.596698785791508091e-02
-6.153621595581618697e-01,7.882445127220889525e-01,-2.733918516810550928e-05,2.773226798220906453e+00,-7.882445131826346651e-01,-6.153621589739551867e-01,2.720998298418361689e-05,-2.276698417404046992e+00,4.624619768910026232e-06,3.829395659433128848e-05,9.999999992560927309e-01,8.597140513998619005e-02
-6.469284440907783207e-01,7.625507114337799486e-01,-2.679775870918850753e-05,2.732298977269039586e+00,-7.625507118967670417e-01,-6.469284435248519038e-01,2.728085800990156791e-05,-2.328334069787958871e+00,3.466805352284529729e-06,3.808341300673655217e-05,9.999999992688173300e-01,8.597568657213926213e-02
-6.844462633189282164e-01,7.290633113380823316e-01,-2.625844703424752861e-05,2.687913052486044396e+00,-7.290633118086712328e-01,-6.844462627827179180e-01,2.715403956630461690e-05,-2.379987046103226422e+00,1.824518063346706728e-06,3.772955127291260414e-05,9.999999992865759024e-01,8.597998297267092638e-02
-7.278441899762654321e-01,6.857425423976369894e-01,-2.576467348038364360e-05,2.644701429999806397e+00,-6.857425428815989710e-01,-7.278441894772567089e-01,2.695315981301185459e-05,-2.425181092000479044e+00,-2.697395506514131638e-07,3.728563348035481489e-05,9.999999993048542812e-01,8.598394744207231433e-02
-7.841661969558223477e-01,6.205508640781484120e-01,-2.537134756594076830e-05,2.587641845734556245e+00,-6.205508645872191975e-01,-7.841661965155605207e-01,2.650233165799381813e-05,-2.479521403636019805e+00,-3.449308310804336159e-06,3.652644429449828891e-05,9.999999993269604870e-01,8.595785876149916738e-02
-8.411777982061450221e-01,5.407586441066346561e-01,-2.508018175082474168e-05,2.543572217643445654e+00,-5.407586446427217197e-01,-8.411777978323975447e-01,2.603851511419082827e-05,-2.513445678762386226e+00,-7.016339926695066180e-06,3.546534590328158349e-05,9.999999993464899761e-01,8.596125775480778497e-02
-8.895409778730982708e-01,4.568553907621052956e-01,-2.482288653713391309e-05,2.501204412987402037e+00,-4.568553913182356596e-01,-8.895409775659863794e-01,2.558144945512651276e-05,-2.539622317362661086e+00,-1.039395166916876776e-05,3.409621710629495781e-05,9.999999993647067376e-01,8.596428127033810263e-02
-9.302975346608854945e-01,3.668058020222378923e-01,-2.463130027060863838e-05,2.455937125451848502e+00,-3.668058025918722320e-01,-9.302975344261988910e-01,2.500934760693471578e-05,-2.561886926401571341e+00,-1.374086410444392852e-05,3.230103828685049113e-05,9.999999993839157053e-01,8.596715534495663613e-02
-9.590756037703656034e-01,2.831501115219368647e-01,-2.444632757579461751e-05,2.405319260894036137e+00,-2.831501120952059081e-01,-9.590756036009601138e-01,2.445252764905827154e-05,-2.581003169862482238e+00,-1.652214044475789663e-05,3.037380311213449602e-05,9.999999994022253924e-01,8.596994930491839992e-02
-9.776941645789405388e-01,2.100336162648329674e-01,-2.422816481919061622e-05,2.347876965283522299e+00,-2.100336168329874631e-01,-9.776941644644946416e-01,2.391917873909353245e-05,-2.597292462918445732e+00,-1.866390375074988630e-05,2.847437056093276412e-05,9.999999994204342713e-01,8.597271171100183407e-02
-9.915461864698319472e-01,1.297542273580130079e-01,-2.408024640250155853e-05,2.287494564863630231e+00,-1.297542279184857317e-01,-9.915461864131575043e-01,2.338378455909565463e-05,-2.609657012952995458e+00,-2.084253159011785993e-05,2.631061618484692492e-05,9.999999994366700617e-01,8.597538366289751710e-02
-9.985900099467299729e-01,5.308475733145761460e-02,-2.395099639373150257e-05,2.230008970649258959e+00,-5.308475787848596777e-02,-9.985900099443051348e-01,2.281260906083791819e-05,-2.613504814123679409e+00,-2.270622391090033852e-05,2.405187635348272931e-05,9.999999994529672476e-01,1.077466900944342720e-01
-9.994464307106977197e-01,-3.326907826035249011e-02,-2.390300071626240164e-05,2.178757998758072745e+00,3.326907772948453634e-02,-9.994464307660031466e-01,2.227389658456724165e-05,-2.615373892543464418e+00,-2.463080075910061188e-05,2.146633565066767470e-05,9.999999994662600589e-01,1.077489642077596732e-01
-9.940530700439511591e-01,-1.088967096268358276e-01,-2.384626755323505863e-05,2.123107171983943608e+00,1.088967091168538542e-01,-9.940530701482199749e-01,2.173516613826822702e-05,-2.612778262528609563e+00,-2.607134354851919366e-05,1.900912856639356147e-05,9.999999994794690483e-01,1.077511977495579781e-01
-9.820492326930158056e-01,-1.886247703680376253e-01,-2.388857908747434895e-05,2.061628903846467686e+00,1.886247698828257269e-01,-9.820492328484841105e-01,2.117438772120323106e-05,-2.602381523983328115e+00,-2.745377478829025370e-05,1.628831348114952721e-05,9.999999994904904543e-01,1.298712872422944642e-01
-9.625639507656024163e-01,-2.710546810371362580e-01,-2.396605457198245194e-05,2.004969691797410469e+00,2.710546805812710791e-01,-9.625639509711654274e-01,2.063406796903224368e-05,-2.590796880229949029e+00,-2.866182088984259071e-05,1.336549871783564425e-05,9.999999994999315689e-01,1.298733878844050282e-01
-9.373173193334297659e-01,-3.484770326670895146e-01,-2.410672266421992447e-05,1.946128115229910804e+00,3.484770322448304536e-01,-9.373173195856642215e-01,2.006442843928632683e-05,-2.573601919262451521e+00,-2.958764115630523262e-05,1.040609710749275377e-05,9.999999995081422233e-01,1.298754498151302172e-01
-9.081293290279899288e-01,-4.186897672095578615e-01,-2.435527684763945478e-05,1.872985030666000306e+00,4.186897668249964233e-01,-9.081293293240551012e-01,1.942864037382916693e-05,-2.546816175550542738e+00,-3.025231414446522658e-05,7.446412962315214613e-06,9.999999995146741094e-01,1.298499164196866840e-01
-8.659805410774532586e-01,-5.000776958321512256e-01,-2.462535901481751759e-05,1.823831396673261551e+00,5.000776954910542971e-01,-8.659805414180521410e-01,1.891173406187343276e-05,-2.523302278421470035e+00,-3.078241812611763693e-05,4.062600908844272659e-06,9.999999995179689183e-01,1.298518390833088565e-01
-8.215331129943242994e-01,-5.701608050667956729e-01,-2.488852797613252981e-05,1.772757730975181634e+00,5.701608047703622395e-01,-8.215331133707962641e-01,1.840922119671630790e-05,-2.489604703136067965e+00,-3.094296625362078569e-05,9.333216571180693231e-07,9.999999995208308512e-01,1.518860290122604484e-01
-7.729493674527073699e-01,-6.344677097526694176e-01,-2.521234730419283262e-05,1.723255041370839402e+00,6.344677095036376224e-01,-7.729493678608952978e-01,1.790670151340216859e-05,-2.454497260442007445e+00,-3.084909180949810980e-05,-2.155446637352776753e-06,9.999999995218437077e-01,1.518879550310970883e-01
-7.166069987655081519e-01,-6.974771742987293521e-01,-2.554508117757950037e-05,1.679046531700562728e+00,6.974771741005100223e-01,-7.166069992011523393e-01,1.745526372056395632e-05,-2.417315161120420886e+00,-3.048043198347314168e-05,-5.308546884452464147e-06,9.999999995213811887e-01,1.518898716648014735e-01
-6.505804601235319895e-01,-7.594373339711086857e-01,-2.600593345284414384e-05,1.639067341263193311e+00,7.594373338291605657e-01,-6.505804605856730927e-01,1.704668340310734430e-05,-2.377394381226601183e+00,-2.986483996041708160e-05,-8.659637633192758118e-06,9.999999995165509414e-01,1.518918040320203777e-01
-5.917154379284568222e-01,-8.061469095778527327e-01,-2.636687708908921134e-05,1.601578667468722905e+00,8.061469094873878749e-01,-5.917154384057043970e-01,1.662161531716273345e-05,-2.332595976270118943e+00,-2.900115205628237282e-05,-1.142031009172976550e-05,9.999999995142548892e-01,1.518937863181788195e-01
-5.186176798627504247e-01,-8.550062581157749086e-01,-2.677011600771903512e-05,1.567046893514342010e+00,8.550062580823174496e-01,-5.186176803527388079e-01,1.629778768548136814e-05,-2.284445712367803250e+00,-2.781816593122573352e-05,-1.443629587984932347e-05,9.999999995088716398e-01,1.518958271408881733e-01
-4.415821020186666557e-01,-8.972208459639295919e-01,-2.728638696987300787e-05,1.536830788532666414e+00,8.972208459899120303e-01,-4.415821025185067694e-01,1.601503738405787359e-05,-2.233374701686094088e+00,-2.641820551815845749e-05,-1.740996132915774292e-05,9.999999994994860364e-01,1.518979407716475050e-01
-3.757142479816152902e-01,-9.267355626589506290e-01,-2.769129578339871953e-05,1.501793001209196676e+00,9.267355627373971005e-01,-3.757142484817146411e-01,1.567226717399417961e-05,-2.163112823431773801e+00,-2.492806172237740833e-05,-1.977421450531152423e-05,9.999999994937862624e-01,1.518706663216451980e-01
-2.985245309488612220e-01,-9.544019612440348688e-01,-2.820110879077355283e-05,1.480008960001960583e+00,9.544019613799582524e-01,-2.985245314474120892e-01,1.543345096543553971e-05,-2.107662483794461306e+00,-2.314843865823848254e-05,-2.230792983262494357e-05,9.999999994832531325e-01,1.518729575798695164e-01
-2.196435817907621824e-01,-9.755801843806554130e-01,-2.866935062960211745e-05,1.463499860144485520e+00,9.755801845727662958e-01,-2.196435822812600469e-01,1.521914680697057976e-05,-2.052547565594202705e+00,-2.114453692202391730e-05,-2.462646246232610178e-05,9.999999994732230446e-01,1.518753299305439231e-01
-1.119390725876299314e-01,-9.937150714226058446e-01,-2.925383982418812073e-05,1.452296983880216663e+00,9.937150716826755881e-01,-1.119390730653027910e-01,1.523074388885228253e-05,-1.999262158465152872e+00,-1.840966746485071651e-05,-2.736506619214874674e-05,9.999999994561187266e-01,1.518777730529762282e-01
-3.478859921957087181e-02,-9.993946930411400364e-01,-2.975812695705880019e-05,1.446031017630201587e+00,9.993946933542227073e-01,-3.478859967981995371e-02,1.509092924612653847e-05,-1.938263606307399467e+00,-1.611703816756856756e-05,-2.921512187565138683e-05,9.999999994433589334e-01,1.518804882545093937e-01
3.506663508543771124e-02,-9.993849759688834267e-01,-3.019039420216854152e-05,1.444675372544473424e+00,9.993849763293488619e-01,3.506663464836156513e-02,1.488707481340538420e-05,-1.879900013748652121e+00,-1.381924338126464644e-05,-3.069386601507919358e-05,9.999999994334577424e-01,1.518832867249665375e-01
1.129775555889725169e-01,-9.935975397476718429e-01,-3.066781942084947519e-05,1.447399077862789429e+00,9.935975401573371446e-01,1.129775551786316168e-01,1.480365004661449835e-05,-1.821430031019306339e+00,-1.124409500477433776e-05,-3.214395013460650418e-05,9.999999994201685949e-01,1.518862237384247804e-01
1.848562583537833037e-01,-9.827655685755076753e-01,-3.114320569990121411e-05,1.454851240046687755e+00,9.827655690305034941e-01,1.848562579733827316e-01,1.470472774571745148e-05,-1.761399967646490872e+00,-8.694283656788990785e-06,-3.332473122228179558e-05,9.999999994069360687e-01,1.518893607394945500e-01
2.622496122840948796e-01,-9.650000724636471627e-01,-3.165436044061719159e-05,1.466667881245631522e+00,9.650000729647643105e-01,2.622496119374501666e-01,1.471926367925304760e-05,-1.701925250747467366e+00,-5.902746775410687518e-06,-3.440658132783997369e-05,9.999999993906726337e-01,1.518926566880964835e-01
3.246860696667112633e-01,-9.458218411153481719e-01,-3.214898620646374730e-05,1.483557612695627359e+00,9.458218416555597141e-01,3.246860693542623633e-01,1.464802437806468060e-05,-1.641977490079821411e+00,-3.416093420862529472e-06,-3.516322280485268775e-05,9.999999993759393080e-01,1.518961718253298288e-01
3.923319194036098967e-01,-9.198237135175878487e-01,-3.267712652090785810e-05,1.504687966149269807e+00,9.198237140977347792e-01,3.923319191278243911e-01,1.472844358355449117e-05,-1.582108524489252321e+00,-7.272919118288796481e-07,-3.583563442346673509e-05,9.999999993576395019e-01,1.518998813955920735e-01
4.656571810538129297e-01,-8.849651906333747542e-01,-3.317004483365812380e-05,1.529424761751465356e+00,8.849651912520380970e-01,4.656571808223017306e-01,1.486170003872913176e-05,-1.525624168461954699e+00,2.293782357080626753e-06,-3.627479241575885647e-05,9.999999993394392828e-01,1.519036979885641514e-01
5.312648758599508581e-01,-8.472057781575589308e-01,-3.367427707811911200e-05,1.559629654873111448e+00,8.472057788110185506e-01,5.312648756729475563e-01,1.501411198481266227e-05,-1.469376085055893455e+00,5.169918197845381324e-06,-3.650551247762480028e-05,9.999999993203101400e-01,1.519077842505087150e-01
5.896959350273315303e-01,-8.076253481944623003e-01,-3.414697150660758431e-05,1.601955863483345066e+00,8.076253488774755018e-01,5.896959348866649409e-01,1.512213026497413290e-05,-1.400938503759782794e+00,7.923314565445501443e-06,-3.649541852234216454e-05,9.999999993026531531e-01,1.518768080089106798e-01
6.429520667565775671e-01,-7.659064163818550819e-01,-3.462009137144662701e-05,1.639032781305750364e+00,7.659064170912377456e-01,6.429520666627429604e-01,1.525028849711710528e-05,-1.351146975440575604e+00,1.057876548370819544e-05,-3.632095464953142780e-05,9.999999992844393892e-01,1.518811765970366490e-01
6.941753767428705535e-01,-7.198059079317998821e-01,-3.507665510692846959e-05,1.689310870749388460e+00,7.198059086644220672e-01,6.941753766982842189e-01,1.541368265031157331e-05,-1.290602795593276175e+00,1.325449043748769514e-05,-3.594818256292623142e-05,9.999999992660236758e-01,1.518562154569672307e-01
7.310607333239644845e-01,-6.823123939434183605e-01,-3.553912673735915961e-05,1.723973183058100211e+00,6.823123946918592253e-01,7.310607333292993282e-01,1.529340720962988438e-05,-1.255974243764644172e+00,1.554637876974257715e-05,-3.542919615911900019e-05,9.999999992515414826e-01,1.518602724361674261e-01
