9.999999761881329663e-01,2.182286246200612384e-04,-3.049244473589165181e-08,6.882382929325103760e-02,-2.182286246218229585e-04,9.999999761881317450e-01,-5.778348627922030633e-08,3.155223093926906586e-04,3.047983399907310672e-08,5.779013922756367769e-08,9.999999999999978906e-01,-2.548182965256273746e-05
9.999988572564116884e-01,-1.511782348221939491e-03,-4.760796435596738311e-08,1.367586581693059911e-01,1.511782348217379770e-03,9.999988572564082467e-01,-9.566552065547710499e-08,5.943392757186512958e-04,4.775253539773161762e-08,9.559343845416883748e-08,9.999999999999944489e-01,-5.092330743400104741e-05
9.999993278390192364e-01,-1.159448792757805571e-03,-7.921625032868047418e-08,1.806675050159082530e-01,1.159448792745029332e-03,9.999993278390095774e-01,-1.611350260281855854e-07,3.630614879264000474e-04,7.940302489400659607e-08,1.610430705336991388e-07,9.999999999999840128e-01,-7.533072179697535096e-05
9.999996619893066763e-01,-8.222051208514482125e-04,-1.063415224429435185e-07,2.428596372356571498e-01,8.222051208282468281e-04,9.999996619892886907e-01,-2.180361850762737192e-07,5.874882753644672818e-04,1.065207569662705624e-07,2.179486768334024444e-07,9.999999999999706901e-01,-1.005221728506868861e-04
9.999998965013204844e-01,-4.549695875678463745e-04,-1.494044130292619922e-07,3.159883751514879213e-01,4.549695875231181560e-04,9.999998965012868446e-01,-2.992732236594048766e-07,2.112238640182522234e-03,1.495405577812360201e-07,2.992052182208515142e-07,9.999999999999441558e-01,-1.009373335178679584e-04
9.999996818444344404e-01,-7.976910431626803560e-04,-1.709949324642530625e-07,3.817278611829703627e-01,7.976910431044193428e-04,9.999996818443910307e-01,-3.405152446344636107e-07,2.381766032253566142e-03,1.712665040219615476e-07,3.403787351716006149e-07,9.999999999999275024e-01,-1.262765181680640750e-04
9.999982410186952775e-01,-1.875622424374470427e-03,-1.902417265735778124e-07,4.486757706486344532e-01,1.875622424302689955e-03,9.999982410186424309e-01,-3.767893893355542013e-07,2.704530731644839460e-03,1.909481065698315794e-07,3.764319049216633407e-07,9.999999999999109601e-01,-1.516660615923516153e-04
9.999988124702350323e-01,-1.541122339005279816e-03,-2.354432556360448466e-07,5.268229739194021377e-01,1.541122338898703826e-03,9.999988124701605363e-01,-4.521731854682023498e-07,-7.402245788295826190e-04,2.361398302373776625e-07,4.518098016382822993e-07,9.999999999998701039e-01,2.192427439233005440e-02
9.999976441768357871e-01,-2.170631408742621036e-03,-2.555946837882153185e-07,6.047880751705159152e-01,2.170631408617375302e-03,9.999976441767489677e-01,-4.892783375673502918e-07,-4.211531814484886782e-03,2.566561245794576664e-07,4.887223830656030856e-07,9.999999999998476774e-01,4.398689828860479628e-02
9.999911054453172188e-01,-4.217704373129302700e-03,-2.698518739334399586e-07,6.765899910385639870e-01,4.217704372988301774e-03,9.999911054452185200e-01,-5.209619793591073536e-07,-3.666835510052406794e-03,2.720467373397416061e-07,5.198191902055466582e-07,9.999999999998279154e-01,4.396130685708525554e-02
9.999924397105369733e-01,-3.888511499616815678e-03,-2.916084297043060634e-07,7.559840605043717243e-01,3.888511499450016812e-03,9.999924397104172913e-01,-5.703938877447764092e-07,-1.507886756411838929e-03,2.938242082519397175e-07,5.692556526696359324e-07,9.999999999997948308e-01,4.396150244236838450e-02
9.999936229350965267e-01,-3.571286749082946185e-03,-3.090932915184229127e-07,8.200536546677419381e-01,3.571286748893206901e-03,9.999936229349573047e-01,-6.122442520826024948e-07,-1.060198878359785123e-03,3.112778201950637455e-07,6.111364869850991754e-07,9.999999999997648548e-01,4.393624411667530066e-02
9.999942075812195963e-01,-3.403645679249070900e-03,-3.140413366751053237e-07,8.976675096590359670e-01,3.403645679050687056e-03,9.999942075810708264e-01,-6.300951605806679024e-07,-4.374758894278506574e-03,3.161841382869486552e-07,6.290226253670092614e-07,9.999999999997523092e-01,6.597250930738651764e-02
9.999921205153879944e-01,-3.969748989127015043e-03,-3.174251942809575339e-07,9.760416398789260040e-01,3.969748988921460719e-03,9.999921205152305648e-01,-6.455931271584375791e-07,-7.699188979630153078e-03,3.199855357978986287e-07,6.443279418732718528e-07,9.999999999997413180e-01,8.806478293249797584e-02
9.999933676753274270e-01,-3.642060574970159507e-03,-3.542601241575325874e-07,1.039947212596742609e+00,3.642060574717719511e-03,9.999933676751383560e-01,-7.106367905342549855e-07,-7.250983342899666034e-03,3.568459568272321398e-07,7.093418405289474870e-07,9.999999999996848077e-01,8.803953330230790408e-02
9.999888703026874603e-01,-4.717973145311180061e-03,-3.934971040855001937e-07,1.109133108815156366e+00,4.717973145006337105e-03,9.999888703024679693e-01,-7.720629080329889753e-07,-6.674526793134778410e-03,3.971352966483428975e-07,7.701978064368035983e-07,9.999999999996246336e-01,8.801406073788793638e-02
9.999903375724306098e-01,-4.395993812254539619e-03,-4.225866554421353331e-07,1.178041233335072713e+00,4.395993811903736032e-03,9.999903375721787002e-01,-8.275066915888911238e-07,-6.031760228968835805e-03,4.262202865249033457e-07,8.256410075431041588e-07,9.999999999995683453e-01,8.798860279434873866e-02
9.999917362021540912e-01,-4.065406154721834878e-03,-4.453316673387094604e-07,1.254647343356416034e+00,4.065406154329512418e-03,9.999917362018686529e-01,-8.783551884609129780e-07,-9.287489295714624130e-03,4.488988577969104467e-07,8.765374758100823907e-07,9.999999999995150546e-01,1.099504891063652068e-01
9.999882216882080010e-01,-4.853502305788697305e-03,-4.718776941086259539e-07,1.323147669762640533e+00,4.853502305347714117e-03,9.999882216878874797e-01,-9.312223147678044762e-07,-8.701396946819178746e-03,4.763918258377938252e-07,9.289210870648354569e-07,9.999999999994549915e-01,1.099250521412028087e-01
9.999850885116722266e-01,-5.461021338919705599e-03,-4.884253689927349683e-07,1.401624313952243073e+00,5.461021338444485909e-03,9.999850885113241716e-01,-9.690567741492945008e-07,-6.548925082136616664e-03,4.937101255656308363e-07,9.663750227082112317e-07,9.999999999994111377e-01,1.099251771033414871e-01
9.999868483014150433e-01,-5.128666876343955343e-03,-5.231200708830462248e-07,1.465866831601893239e+00,5.128666875801457005e-03,9.999868483010206921e-01,-1.033159955991439164e-06,-5.995262447595166994e-03,5.284119242096026928e-07,1.030463459603503806e-06,9.999999999993294253e-01,1.098999242753967015e-01
9.999761795536719067e-01,-6.902197111668687858e-03,-5.229463662755619007e-07,1.533816645404296297e+00,6.902197111119449252e-03,9.999761795532663422e-01,-1.044892787540317374e-06,-5.352690389003771261e-03,5.301459654396643032e-07,1.041258418829176460e-06,9.999999999993173239e-01,1.098745161685537181e-01
9.999623545489614296e-01,-8.676951345078729935e-03,-5.015490523004571349e-07,1.603655297257262857e+00,8.676951344564795554e-03,9.999623545485734066e-01,-1.017935721193208120e-06,-4.530034085421119454e-03,5.103627499851823184e-07,1.013545483820132709e-06,9.999999999993560706e-01,1.098490278699804368e-01
9.999637062466014692e-01,-8.519752890004230264e-03,-5.032659881211448600e-07,1.670639806528465332e+00,8.519752889480492961e-03,9.999637062461980141e-01,-1.033803305178690683e-06,-3.678404922828331248e-03,5.120554714062676828e-07,1.029478082719998289e-06,9.999999999993389732e-01,1.098236594564838131e-01
9.999329835231937080e-01,-1.157706621490638133e-02,-5.095249405359751311e-07,1.742314180583944605e+00,1.157706621436357768e-02,9.999329835227723784e-01,-1.055663283969853375e-06,-2.681900141308900427e-03,5.217122777085658035e-07,1.049693733161414106e-06,9.999999999993129940e-01,1.097980917882590279e-01
9.999066556247254711e-01,-1.366309032070274834e-02,-5.143998002445915793e-07,1.812313359399894797e+00,1.366309032014911481e-02,9.999066556242982573e-01,-1.064818617843641892e-06,-1.526775345410913377e-03,5.289004968671406927e-07,1.057690932083571006e-06,9.999999999993008926e-01,1.097725958835495813e-01
9.999039866793018039e-01,-1.385703512877931379e-02,-5.273360708077210832e-07,1.891787041070011499e+00,1.385703512819488892e-02,9.999039866788480557e-01,-1.096220678384979045e-06,1.389360365258923658e-03,5.424758079694749557e-07,1.088808112139883310e-06,9.999999999992602584e-01,1.097728227584217481e-01
9.998783553631771515e-01,-1.559725860358834697e-02,-5.295736686718937062e-07,1.961275168856432938e+00,1.559725860299591288e-02,9.998783553627161869e-01,-1.104975682459490061e-06,2.684532920237989867e-03,5.467438403450505085e-07,1.096581370634287265e-06,9.999999999992494892e-01,1.097473499156147586e-01
9.998619629940531661e-01,-1.661490166700022378e-02,-5.239132559712540211e-07,2.027843543509234792e+00,1.661490166641266600e-02,9.998619629935878717e-01,-1.106559022844992792e-06,3.983288596147687398e-03,5.422263059070817554e-07,1.097701509520883927e-06,9.999999999992507105e-01,1.097220013240525482e-01
9.998667995751966409e-01,-1.632124710206497506e-02,-5.352830846674824268e-07,2.096697309238872098e+00,1.632124710144848209e-02,9.998667995747041459e-01,-1.136525244558498512e-06,5.444111485713638322e-03,5.537612940871253713e-07,1.127637371419040696e-06,9.999999999992110755e-01,1.096965552597965188e-01
9.998710319879785535e-01,-1.605986896001376785e-02,-5.306864294408004581e-07,2.164245889455675087e+00,1.605986895940021697e-02,9.998710319874783981e-01,-1.140838280254522493e-06,6.831246762203861678e-03,5.489397011521786454e-07,1.132168394094129557e-06,9.999999999992086330e-01,1.096711654629232702e-01
9.998657301235521766e-01,-1.638663248523656440e-02,-5.377048612330897111e-07,2.230871352927287443e+00,1.638663248460096866e-02,9.998657301230274852e-01,-1.165882755722445779e-06,8.163149016203243361e-03,5.567375559064231579e-07,1.156915040842673077e-06,9.999999999991759925e-01,1.096458145753841096e-01
9.998704251863597126e-01,-1.609760346673932627e-02,-5.246723413528197894e-07,2.301868932236546428e+00,1.609760346611776444e-02,9.998704251858252512e-01,-1.168091689334347104e-06,9.696169402142351679e-03,5.434078338593844818e-07,1.159494366770650452e-06,9.999999999991803223e-01,1.096202784796890123e-01
9.998745413205349930e-01,-1.583987432990397945e-02,-5.117509822205886366e-07,2.381264564684971496e+00,1.583987432930055242e-02,9.998745413200001986e-01,-1.162414024521010313e-06,1.280060257183479253e-02,5.300992706856013990e-07,1.154162118346233095e-06,9.999999999991936450e-01,1.096204999217632592e-01
9.998670130635761710e-01,-1.630816320400581970e-02,-4.827710758580678374e-07,2.461698428390592941e+00,1.630816320345182188e-02,9.998670130630634700e-01,-1.130046104582334450e-06,1.596052385629374154e-02,5.011358499130278019e-07,1.122022713717870090e-06,9.999999999992450483e-01,1.096208196426874948e-01
9.998298867704231707e-01,-1.844444416238158121e-02,-4.274533218940639314e-07,2.540798759172341548e+00,1.844444416192127928e-02,9.998298867699647596e-01,-1.056859230180183722e-06,1.905996561161003508e-02,4.468737874873433742e-07,1.048795305515827855e-06,9.999999999993502975e-01,1.096210094510395167e-01
9.978916856542651148e-01,-6.490133821357721433e-02,-4.185258325094983094e-07,2.626368027565765928e+00,6.490133821314406082e-02,9.978916856539034042e-01,-9.766981709696708605e-07,2.281947956028475971e-02,4.810324668192916243e-07,9.474760975977268396e-07,9.999999999994354516e-01,1.096218145024219909e-01
9.855811728021055540e-01,-1.692032854816030163e-01,-5.061569280356319771e-07,2.674100696163549173e+00,1.692032854810836262e-01,9.855811728018805118e-01,-9.361655978175875018e-07,2.572213091209193253e-02,6.572610336607402653e-07,8.370237726414017612e-07,9.999999999994337863e-01,1.095972594628454588e-01
9.682559457815241855e-01,-2.499608438503214680e-01,-6.002381134686667881e-07,2.703484119618196679e+00,2.499608438496863649e-01,9.682559457813899595e-01,-9.686657284192818573e-07,3.010988702130217715e-02,8.233126251352117352e-07,7.878803256633900625e-07,9.999999999993507416e-01,1.095734803937657570e-01
9.266017546632149271e-01,-3.760441307273784672e-01,-7.353284577106665408e-07,2.734456940145701065e+00,3.760441307267030076e-01,9.266017546633328328e-01,-9.114307245801188186e-07,3.749139934913811589e-02,1.024094813711542188e-06,5.680173579714894782e-07,9.999999999993143263e-01,1.095496163031144388e-01
8.422290545668004169e-01,-5.391198564723854725e-01,-8.407653234368192902e-07,2.750047801423427085e+00,5.391198564723309605e-01,8.422290545671984319e-01,-3.097216083475443479e-07,4.276761395588506154e-02,8.750940525098024668e-07,-1.924167431207096223e-07,9.999999999995985434e-01,1.095264057297436200e-01
7.145434782778339322e-01,-6.995910359984952587e-01,-1.079665687899357088e-06,2.762940513557984534e+00,6.995910359992197902e-01,7.145434782777324578e-01,5.454600800606716343e-07,4.981219745691504996e-02,3.898690935032604187e-07,-1.145079379998580381e-06,9.999999999992683630e-01,1.095032682622069375e-01
5.551234279940553407e-01,-8.317679842900722598e-01,-1.469033667281994295e-06,2.794496002085053554e+00,8.317679842913641153e-01,5.551234279929831983e-01,1.095360704801576178e-06,8.028944282459410386e-02,-9.559096028467537177e-08,-1.829955561630731756e-06,9.999999999983210097e-01,1.094788779073811724e-01
3.917809887285291781e-01,-9.200585073067292230e-01,-1.846185428207779592e-06,2.826707249038361791e+00,9.200585073083894505e-01,3.917809887263623558e-01,1.432326584542001465e-06,1.286461773595711511e-01,-5.945239069140131234e-07,-2.259756934765374103e-06,9.999999999972699616e-01,1.094538518575669528e-01
2.869735518907503002e-01,-9.579385056001021859e-01,-1.961794311106624733e-06,2.855885717326435369e+00,9.579385056017695188e-01,2.869735518883167469e-01,1.432328292151849886e-06,1.984005132049190268e-01,-8.090993421801283930e-07,-2.290318648151963855e-06,9.999999999970499154e-01,1.094280319270300450e-01
2.257952711112002908e-01,-9.741747766904400585e-01,-1.987369798833677510e-06,2.877924732736170554e+00,9.741747766920468843e-01,2.257952711087375663e-01,1.389896000378713851e-06,2.739113063932234748e-01,-9.052629232709022162e-07,-2.249877474205202701e-06,9.999999999970593523e-01,1.094020618619330198e-01
1.439241226385719608e-01,-9.895887261476190577e-01,-2.061182131872861879e-06,2.901283726496184379e+00,9.895887261491972398e-01,1.439241226359439518e-01,1.372050153009495325e-06,3.588184035405295180e-01,-1.061111533204626755e-06,-2.237193714729564099e-06,9.999999999969345632e-01,1.322028828644005172e-01
8.434816264036926192e-02,-9.964363439051249216e-01,-2.044504164465511455e-06,2.911838412131141141e+00,9.964363439066058481e-01,8.434816263785611945e-02,1.286050792879275964e-06,4.349573033133654620e-01,-1.109017580354802325e-06,-2.145694276183402583e-06,9.999999999970831110e-01,1.321769722225554222e-01
2.771611279645150999e-02,-9.996158347523008691e-01,-1.978324155951779828e-06,2.917452034286758700e+00,9.996158347536343580e-01,2.771611279416748980e-02,1.172883479993641564e-06,5.056130151503769321e-01,-1.117601443471242699e-06,-2.010071923393617415e-06,9.999999999973553377e-01,1.321513226166283195e-01
-9.566243232760866799e-02,-9.954138330548393254e-01,-2.058364515231108053e-06,2.919006945593092262e+00,9.954138330561438375e-01,-9.566243232998589141e-02,1.089112601491502886e-06,5.624682563135131597e-01,-1.281025905427725749e-06,-1.944737351395623528e-06,9.999999999972885023e-01,1.321262913868166688e-01
-2.096447389704178821e-01,-9.777776247273659571e-01,-2.129436133115539519e-06,2.914202167383324937e+00,9.777776247286531497e-01,-2.096447389728638422e-01,9.965013030557471273e-07,6.136474693655815660e-01,-1.420781759425966539e-06,-1.873203748686278331e-06,9.999999999972363218e-01,1.321014936637536497e-01
-3.311797606815285455e-01,-9.435676796661722765e-01,-2.078481271085633779e-06,2.904087633645501043e+00,9.435676796672963773e-01,-3.311797606837784125e-01,8.423196025521064778e-07,6.616382527251953860e-01,-1.483136482861280705e-06,-1.682228545799638978e-06,9.999999999974852338e-01,1.320767937545531401e-01
-3.985372053944221671e-01,-9.171521661707998652e-01,-2.147701645577865073e-06,2.879898674870652098e+00,9.171521661719503893e-01,-3.985372053967761174e-01,7.917987975435128386e-07,7.293722727900910918e-01,-1.582138994193128655e-06,-1.654207936525147475e-06,9.999999999973802067e-01,1.320510712266068087e-01
-4.291884237477670561e-01,-9.032149782394124360e-01,-2.209946555246749813e-06,2.848441433725145355e+00,9.032149782406075911e-01,-4.291884237502377464e-01,7.777378080104210637e-07,8.004247076907242686e-01,-1.650947915956722659e-06,-1.662260765901064576e-06,9.999999999972555287e-01,1.320250834291072650e-01
-4.586121690826165942e-01,-8.886365277007961527e-01,-2.282248429384643760e-06,2.814054989912126548e+00,8.886365277020578102e-01,-4.586121690852208443e-01,7.605939658130194856e-07,8.714752206726811279e-01,-1.722558483361691635e-06,-1.679271671189187987e-06,9.999999999971063147e-01,1.319990352899717834e-01
-4.935601728358430806e-01,-8.697116509422591069e-01,-2.354105175716501645e-06,2.774838711431978133e+00,8.697116509435747211e-01,-4.935601728385876075e-01,7.382497032097947791e-07,9.459518198664341737e-01,-1.803956925593076089e-06,-1.683022047754978313e-06,9.999999999969564346e-01,1.319727469175603352e-01
-5.215952263099871145e-01,-8.531930730408613384e-01,-2.392438438869949900e-06,2.735136476866042443e+00,8.531930730421896092e-01,-5.215952263128090793e-01,7.169471017196609402e-07,1.014743995551700362e+00,-1.859578769885774660e-06,-1.667255717949957287e-06,9.999999999968809394e-01,1.319466645762994716e-01
-5.506246902779394770e-01,-8.347529277878050769e-01,-2.451445285803078919e-06,2.688714973622028381e+00,8.347529277891791999e-01,-5.506246902808785704e-01,6.922619253819126251e-07,1.086516048034976478e+00,-1.927693970244417842e-06,-1.665174621384477898e-06,9.999999999967553732e-01,1.319472498845977726e-01
-5.970717597226458118e-01,-8.021878294614409599e-01,-2.375738169516940653e-06,2.641110891518199111e+00,8.021878294626131334e-01,-5.970717597254439069e-01,6.502951258309541882e-07,1.154961131836341970e+00,-1.940145005020075480e-06,-1.517515390457330669e-06,9.999999999969663156e-01,1.319476338062597620e-01
-6.888080940998327906e-01,-7.249437285038426992e-01,-2.345477820044259420e-06,2.595135771132613289e+00,7.249437285048456747e-01,-6.888080941025542803e-01,5.467638461323083815e-07,1.214107774107358928e+00,-2.011957128210760309e-06,-1.323724073211214338e-06,9.999999999970996534e-01,1.319472308498507995e-01
-7.859783479056939859e-01,-6.182540227263173538e-01,-2.482104321542344002e-06,2.556011012602955823e+00,6.182540227274299083e-01,-7.859783479086452918e-01,3.829724500005620470e-07,1.255257287406258415e+00,-2.187654511788964693e-06,-1.233562928077855374e-06,9.999999999968459674e-01,1.319221530940991038e-01
-8.847729038858108686e-01,-4.660224335180427890e-01,-2.718410829592421081e-06,2.501397215188822631e+00,4.660224335195273238e-01,-8.847729038892000464e-01,9.798992597464996044e-08,1.296687956051387092e+00,-2.450841747425298875e-06,-1.180141598756350716e-06,9.999999999963000707e-01,1.319211420421350645e-01
-9.444566930577292796e-01,-3.286359002461187728e-01,-2.807139030774907778e-06,2.458027751568204966e+00,3.286359002477509117e-01,-9.444566930613248479e-01,-1.280342710844870074e-07,1.319723089196332078e+00,-2.609144588028839456e-06,-1.043449486765821948e-06,9.999999999960516028e-01,1.318963886614643310e-01
-9.765060864225976189e-01,-2.154898215037324982e-01,-2.812589020300849116e-06,2.385720718208202307e+00,2.154898215053252242e-01,-9.765060864262590234e-01,-2.722914474933181490e-07,1.348686005437968571e+00,-2.687834261522123814e-06,-8.719785617105112719e-07,9.999999999960074160e-01,1.539477100395201525e-01
-9.880887420863088133e-01,-1.538851446840094894e-01,-2.806460935280320897e-06,2.311379660738435149e+00,1.538851446855509786e-01,-9.880887420899960860e-01,-3.403793045454058360e-07,1.364586668647845169e+00,-2.720653136738437282e-06,-7.681976059404407802e-07,9.999999999960037522e-01,1.539217136874775904e-01
-9.922863020536843992e-01,-1.239673132278320267e-01,-2.774145075339568280e-06,2.247570467660682692e+00,1.239673132292438557e-01,-9.922863020573272630e-01,-3.420498363460002630e-07,1.374311556797563671e+00,-2.710343158977415647e-06,-6.833146787238242473e-07,9.999999999960933472e-01,1.538962402208082503e-01
-9.966833781249153645e-01,-8.137716978436823623e-02,-2.718851035333987493e-06,2.163943694971600884e+00,8.137716978556042147e-02,-9.966833781284720750e-01,-3.304193428994550872e-07,1.388373537576748751e+00,-2.682945043557607074e-06,-5.505758692028633263e-07,9.999999999962491115e-01,1.764566393063818073e-01
-9.995057615654198147e-01,-3.143616691544769137e-02,-2.682053065589501910e-06,2.087206021915059662e+00,3.143616691650227141e-02,-9.995057615689235675e-01,-3.517719138623307696e-07,1.394121761918676983e+00,-2.669669131289961374e-06,-4.359115225110812102e-07,9.999999999963412600e-01,1.764306009497274841e-01
-9.999719122076728972e-01,7.494984238569123332e-03,-2.644428116916406181e-06,2.016522867300636346e+00,-7.494984237658287689e-03,-9.999719122111139225e-01,-3.540110867663210838e-07,1.395982827525541037e+00,-2.647007148293328689e-06,-3.341811963225243542e-07,9.999999999964407360e-01,1.764048491591580226e-01
-9.984544011209574021e-01,5.557705349722237564e-02,-2.599304819239485066e-06,1.951387058722537926e+00,-5.557705349648925375e-02,-9.984544011243194905e-01,-3.533195843817172668e-07,1.395269770861809810e+00,-2.614923798076118912e-06,-2.083117910355964825e-07,9.999999999965593078e-01,1.763793534096079751e-01
-9.949720575889402507e-01,1.001529061515886165e-01,-2.573065457284862192e-06,1.880342535411781979e+00,-1.001529061509345842e-01,-9.949720575922602617e-01,-3.819565687733021222e-07,1.389957371249043838e+00,-2.598382292740626664e-06,-1.223361298783201300e-07,9.999999999966165953e-01,1.763785629699647917e-01
-9.903998230780540757e-01,1.382323784091109009e-01,-2.513701229019290620e-06,1.815898804554072044e+00,-1.382323784086903762e-01,-9.903998230812443015e-01,-3.409526581030293813e-07,1.383253159548299305e+00,-2.536699949354304482e-06,9.795447232953675838e-09,9.999999999967824627e-01,1.763530863259875348e-01
-9.827732963635257279e-01,1.848151723988152584e-01,-2.442381810591596594e-06,1.747451601067941285e+00,-1.848151723986889150e-01,-9.827732963665448684e-01,-2.791258727875690569e-07,1.373372994751004716e+00,-2.451894319281000657e-06,1.770717612881242050e-07,9.999999999969784170e-01,1.763274147818661708e-01
-9.745353280829011089e-01,2.242340168497999331e-01,-2.399011267573906038e-06,1.671315235734613713e+00,-2.242340168498209441e-01,-9.745353280858136680e-01,-2.635086828058083750e-07,1.362710454111188740e+00,-2.397008843147048817e-06,2.811414123452276816e-07,9.999999999970876630e-01,1.983041196193822964e-01
-9.649180066874198936e-01,2.625514051853700681e-01,-2.358627584842449932e-06,1.602470408270096458e+00,-2.625514051855101227e-01,-9.649180066902308672e-01,-2.554058570276185564e-07,1.346497890648853391e+00,-2.342939394345947327e-06,3.728152762503112480e-07,9.999999999971858067e-01,1.982783864398738327e-01
-9.499362739722044813e-01,3.124437155496493368e-01,-2.309563235374679967e-06,1.519704191170123675e+00,-3.124437155499296681e-01,-9.499362739748877793e-01,-2.475167296477042060e-07,1.327694332128009913e+00,-2.271272940993038828e-06,4.864833986506580369e-07,9.999999999973023801e-01,2.208443037690023814e-01
-9.420863342187505429e-01,3.353704502083588723e-01,-2.306286530375609454e-06,1.455590732301061063e+00,-3.353704502086094497e-01,-9.420863342214401692e-01,-2.886049762697070180e-07,1.306306676610352380e+00,-2.269510603889788274e-06,5.015695478709039853e-07,9.999999999972990494e-01,2.208187218405643915e-01
-9.413384304195420160e-01,3.374640120219662420e-01,-2.304529062689098032e-06,1.381271195939751228e+00,-3.374640120222909268e-01,-9.413384304222112142e-01,-2.580468229927145912e-07,1.283662398850379027e+00,-2.256423286910770999e-06,5.347862319863232531e-07,9.999999999973113729e-01,2.428553794544889288e-01
-9.379688079444815640e-01,3.467196494545241037e-01,-2.310790370573936370e-06,1.339000769068956043e+00,-3.467196494548382968e-01,-9.379688079471713014e-01,-2.758492912622611411e-07,1.268801458608793453e+00,-2.263091658871769701e-06,5.424583963514199472e-07,9.999999999972921660e-01,2.428308301028117289e-01
-9.347212155318760374e-01,3.553818358178402192e-01,-2.313745626290444730e-06,1.306921971804622551e+00,-3.553818358181130566e-01,-9.347212155345858697e-01,-3.057865857150346023e-07,1.257520868287961058e+00,-2.271378122443916856e-06,5.364379591943308640e-07,9.999999999972766229e-01,2.428067698321962342e-01
-9.228975316980609911e-01,3.850456414249762149e-01,-2.292328474465717147e-06,1.262494775199913377e+00,-3.850456414252650394e-01,-9.228975317007277468e-01,-3.314493281468894007e-07,1.240854811864903873e+00,-2.243207410087903765e-06,5.767573209783087640e-07,9.999999999973178122e-01,2.427821000396612749e-01
-9.161785763468790478e-01,4.007702786356753255e-01,-2.299747755275252560e-06,1.219224573080073704e+00,-4.007702786358059988e-01,-9.161785763496101964e-01,-4.237119559232492612e-07,1.223047553464186032e+00,-2.276790783027922100e-06,5.334747321148203831e-07,9.999999999972659648e-01,2.427574614211290838e-01
-9.095815202577317571e-01,4.155255202756802935e-01,-2.293133697887962702e-06,1.150538842172522669e+00,-4.155255202758133537e-01,-9.095815202604549121e-01,-4.404796730059434342e-07,1.191244121065330397e+00,-2.268822580382069826e-06,5.522034022615229451e-07,9.999999999972739584e-01,2.427571085943367457e-01
-8.994577568657233790e-01,4.370077157315174765e-01,-2.280821466675175450e-06,1.079876127922040796e+00,-4.370077157316700767e-01,-8.994577568684247737e-01,-4.572297182342331524e-07,1.162913165144265459e+00,-2.251315474963113689e-06,5.854777624081679788e-07,9.999999999972946085e-01,2.646786432560133129e-01
-8.936612052706034426e-01,4.487422981947525868e-01,-2.276775184339189404e-06,1.013315405721705753e+00,-4.487422981948209766e-01,-8.936612052733241551e-01,-5.092309818631681568e-07,1.130075776834011059e+00,-2.263179136486205286e-06,5.666053556803355408e-07,9.999999999972786213e-01,2.646527624031904669e-01
-8.852362144808884059e-01,4.651417467465130962e-01,-2.269073775371431423e-06,9.501374202877583830e-01,-4.651417467465376876e-01,-8.852362144836133373e-01,-5.488396364854571736e-07,1.097941956652466411e+00,-2.263954506492416020e-06,5.695882172135777143e-07,9.999999999972750686e-01,2.646270318904680452e-01
-8.786652860942842924e-01,4.774382839778388843e-01,-2.268357607512827435e-06,8.897409094495073445e-01,-4.774382839777046583e-01,-8.786652860970556311e-01,-6.351411076834851793e-07,1.065862722648546645e+00,-2.296367766711880275e-06,5.249243204857479499e-07,9.999999999972256637e-01,2.646014142295857741e-01
-8.668616291886276359e-01,4.985488098826196257e-01,-2.249721168038232056e-06,8.197349902716188907e-01,-4.985488098824717440e-01,-8.668616291913762151e-01,-6.659329784371927051e-07,1.025662887362521314e+00,-2.282197050813400267e-06,5.443240642743667481e-07,9.999999999972477571e-01,2.646015267348917899e-01
-8.598347333297763351e-01,5.105724545592460473e-01,-2.249075065884323002e-06,7.608340856983993872e-01,-5.105724545589691576e-01,-8.598347333325649933e-01,-7.387371375310658882e-07,9.914438773965339458e-01,-2.311011693102877597e-06,5.131239272261097106e-07,9.999999999971980191e-01,2.645759199514413074e-01
-8.489468589057516112e-01,5.284782216411435529e-01,-2.251980006347172012e-06,6.945247586762534064e-01,-5.284782216405837785e-01,-8.489468589086255346e-01,-8.852233007597846773e-07,9.514558601721032627e-01,-2.379632588454294367e-06,4.386148483143054369e-07,9.999999999970724529e-01,2.645498889601964887e-01
-8.386992350661132134e-01,5.445948889720546582e-01,-2.243037976289172459e-06,6.377560812884702779e-01,-5.445948889714692376e-01,-8.386992350689911335e-01,-9.174583305966679428e-07,9.157968594956059638e-01,-2.380877352632207973e-06,4.520754175795341262e-07,9.999999999970634601e-01,2.645243245565515045e-01
-8.152684198590066655e-01,5.790832440812945237e-01,-2.209425033086298721e-06,5.926455208890037962e-01,-5.790832440809352555e-01,-8.152684198617979883e-01,-8.640383430188936765e-07,8.865712021627020212e-01,-2.301624582213377060e-06,5.750178411026357498e-07,9.999999999971859177e-01,2.644993634859986731e-01
-8.063248020813644779e-01,5.914730032246479086e-01,-2.205259255479659497e-06,5.683666814083895291e-01,-5.914730032242961899e-01,-8.063248020841600194e-01,-8.782841505688419360e-07,8.701316784012639305e-01,-2.297636596940462812e-06,5.961690208481106538e-07,9.999999999971826981e-01,2.644755143137632047e-01
-8.032734657357463171e-01,5.956103921524570355e-01,-2.208688712852289898e-06,5.464506960839031757e-01,-5.956103921522044597e-01,-8.032734657385288690e-01,-8.421403279224158263e-07,8.549512936318089951e-01,-2.275768568071700700e-06,6.390489705580250054e-07,9.999999999972062348e-01,2.644517859577737440e-01
-8.033495873234202111e-01,5.955077166102960007e-01,-2.209277191451477582e-06,5.238146526232143607e-01,-5.955077166100342101e-01,-8.033495873262067599e-01,-8.462035707707836503e-07,8.390354370835139131e-01,-2.278742676258936385e-06,6.358443262695868476e-07,9.999999999972014608e-01,2.644280122916555786e-01
-8.033899513441198348e-01,5.954532610326375153e-01,-2.211230029818427885e-06,4.951572385546832433e-01,-5.954532610324697606e-01,-8.033899513468840681e-01,-8.052058452319200140e-07,8.184266480296028545e-01,-2.255942432418485995e-06,6.697898473254368794e-07,9.999999999972311038e-01,2.644038927949301510e-01
-8.021834998369192782e-01,5.970775766887231883e-01,-2.216340486622824565e-06,4.531309909583558504e-01,-5.970775766886223801e-01,-8.021834998396777383e-01,-7.795033538419774298e-07,7.873930079184318087e-01,-2.243335741928174182e-06,6.980224783500659474e-07,9.999999999972400966e-01,2.643790066984970100e-01
-8.012640502331902503e-01,5.983108905903090635e-01,-2.221237662912391325e-06,4.049495200596670008e-01,-5.983108905903081753e-01,-8.012640502359298367e-01,-7.381278081948394374e-07,7.514039212090650732e-01,-2.221427792612303221e-06,7.375554071259051576e-07,9.999999999972606357e-01,2.643537638346463159e-01
-7.995509646320447805e-01,6.005982475423943256e-01,-2.229439136221799256e-06,3.544744885724789851e-01,-6.005982475425533096e-01,-7.995509646347513932e-01,-6.719742192171103794e-07,7.134950252660515746e-01,-2.186136750416073836e-06,8.017196030346928260e-07,9.999999999972890574e-01,2.643283871752356018e-01
-7.997660842239909806e-01,6.003117611041761670e-01,-2.241795559321702644e-06,3.002178424914525579e-01,-6.003117611045478696e-01,-7.997660842266453018e-01,-5.779991272939452321e-07,6.772425583789374315e-01,-2.139891730137907454e-06,8.835121415320057099e-07,9.999999999973201437e-01,2.854481642522004314e-01
-7.967200480110034899e-01,6.043485460330622061e-01,-2.250938672662721554e-06,2.734610198550737059e-01,-6.043485460335984438e-01,-7.967200480136131802e-01,-5.106813799956217337e-07,6.578655319593540440e-01,-2.101997516846055727e-06,9.534814204460787858e-07,9.999999999973362419e-01,2.854241517287102181e-01
-7.966190278651817946e-01,6.044816990100195797e-01,-2.256415815080076368e-06,2.580386300970254898e-01,-6.044816990105100762e-01,-7.966190278678260128e-01,-5.349456743857369380e-07,6.473204618034050783e-01,-2.120868643205431496e-06,9.378141624839422834e-07,9.999999999973111509e-01,2.854007888194017850e-01
-7.967815941348002085e-01,6.042674004469285043e-01,-2.261928364583897795e-06,2.205796804585082871e-01,-6.042674004474646310e-01,-7.967815941374377653e-01,-5.155547069649757261e-07,6.234353237872680698e-01,-2.113795790723751712e-06,9.560250715862463578e-07,9.999999999973088194e-01,3.049838683407070650e-01
-7.969347999053052467e-01,6.040653314789338202e-01,-2.266093312401496246e-06,1.993290982352647067e-01,-6.040653314794887097e-01,-7.969347999079448019e-01,-5.082387043236829080e-07,6.082424380269518815e-01,-2.112938001889129447e-06,9.638352977849390992e-07,9.999999999973031573e-01,3.049601688835061886e-01
-7.939587752346213279e-01,6.079715973816652852e-01,-2.263783163845242159e-06,1.688019617786483406e-01,-6.079715973821622210e-01,-7.939587752372844198e-01,-5.407288316803164748e-07,5.856602136164538175e-01,-2.126098279716358703e-06,9.469994653148875301e-07,9.999999999972913889e-01,3.049359343671192990e-01
-7.895229433859053403e-01,6.137210456405390868e-01,-2.266743201841898814e-06,1.180678022062462695e-01,-6.137210456411643644e-01,-7.895229433885214698e-01,-4.903119609351948534e-07,5.455780488084805979e-01,-2.090560533979349898e-06,1.004035465459543799e-06,9.999999999973105957e-01,3.049345683774585813e-01
-7.846392393276537813e-01,6.199526305308739049e-01,-2.273510163424884898e-06,9.743318317064721124e-02,-6.199526305315724573e-01,-7.846392393302563661e-01,-4.683725788176730242e-07,5.304872837696652521e-01,-2.074254097545855581e-06,1.041965102390094644e-06,9.999999999973058218e-01,3.049108947329898234e-01
-7.832455246370584323e-01,6.217125124451300389e-01,-2.276281351658590486e-06,5.520524884442210706e-02,-6.217125124458900975e-01,-7.832455246396382575e-01,-4.428255684227668682e-07,5.017246743824713695e-01,-2.058197378226320492e-06,1.068351453511398032e-06,9.999999999973111509e-01,3.249861884096848508e-01
-7.828441622160144941e-01,6.222178217305239789e-01,-2.286148776040004440e-06,1.906483567228892811e-02,-6.222178217314761062e-01,-7.828441622185162707e-01,-3.545793378799854073e-07,4.733537251421113257e-01,-2.010323806532260900e-06,1.144902146879928098e-06,9.999999999973239184e-01,3.249615964298927517e-01
-7.814034493072612442e-01,6.240261608341818311e-01,-2.294487198503211846e-06,-2.085156681006416352e-02,-6.240261608352787315e-01,-7.814034493097009593e-01,-2.896811999707974234e-07,4.417882709011595188e-01,-1.973688858390979265e-06,1.205462148711008408e-06,9.999999999973258058e-01,3.249367840647478523e-01
-7.785046082560315162e-01,6.276388889471539168e-01,-2.302902160481527439e-06,-7.070049203988566788e-02,-6.276388889484034728e-01,-7.785046082583990668e-01,-2.225453306320619852e-07,4.017287914827285533e-01,-1.932498048361378388e-06,1.272138387918584236e-06,9.999999999973235854e-01,3.249113860078404192e-01
-7.726612248517203962e-01,6.348185816478164600e-01,-2.300413952694783678e-06,-1.018703696617498100e-01,-6.348185816490361510e-01,-7.726612248541038230e-01,-2.477623525454713758e-07,3.771142095922584425e-01,-1.934724807589266603e-06,1.268909159865430627e-06,9.999999999973233633e-01,3.248870797517386944e-01
-7.681535798626344391e-01,6.402656306087988192e-01,-2.309652049541754339e-06,-1.219511159370559872e-01,-6.402656306101491834e-01,-7.681535798649573588e-01,-1.946090408174943461e-07,3.615915936949584131e-01,-1.898768970339123429e-06,1.329301194612285828e-06,9.999999999973138154e-01,3.248634181324812631e-01
-7.606174705305557282e-01,6.492003261847759665e-01,-2.297326007869155766e-06,-1.445512870649370563e-01,-6.492003261859812246e-01,-7.606174705329470376e-01,-2.764776201984606604e-07,3.436235450107901213e-01,-1.926875658310624060e-06,1.281131085530535807e-06,9.999999999973230302e-01,3.248396004311105978e-01
-7.079092201819316976e-01,7.063034305285381675e-01,-2.241858438464164616e-06,-1.576604529628725659e-01,-7.063034305301063576e-01,-7.079092201839064513e-01,-1.268209572607128475e-07,3.337159431156766498e-01,-1.676606336112033950e-06,1.493654580892952273e-06,9.999999999974790166e-01,3.248163419151547937e-01
-6.634177300282477763e-01,7.482492335307721065e-01,-2.185669924645704491e-06,-1.749471550339123105e-01,-7.482492335323470689e-01,-6.634177300300577729e-01,-1.414371366289565741e-07,3.175941079466691463e-01,-1.555842409078826783e-06,1.541593941746776570e-06,9.999999999976013632e-01,3.247927646557260406e-01
-5.972721326894264715e-01,8.020386521285408632e-01,-2.110899787853706459e-06,-1.842175265509807258e-01,-8.020386521302229621e-01,-5.972721326908932982e-01,-8.122311888270183886e-08,3.087419958448568424e-01,-1.325925698978497464e-06,1.644510915193405134e-06,9.999999999977686738e-01,3.247696736867536349e-01
-5.603039800350292365e-01,8.282870576996652634e-01,-2.033613787094734318e-06,-2.047001014204847258e-01,-8.282870577011758328e-01,-5.603039800364624234e-01,-1.673613289258234070e-07,2.821623695532045062e-01,-1.278065121474880226e-06,1.590642761512155366e-06,9.999999999979181098e-01,3.247456645664672514e-01
-5.604325847204151279e-01,8.282000470776581524e-01,-2.039145791261435737e-06,-2.199232582847677753e-01,-8.282000470791829327e-01,-5.604325847218486478e-01,-1.629890157033081645e-07,2.609725523113476386e-01,-1.277791256899947849e-06,1.597476284972400284e-06,9.999999999979075627e-01,3.247219878728272446e-01
-5.606284167279170783e-01,8.280674962543772555e-01,-2.038260414031444624e-06,-2.339266931882598988e-01,-8.280674962558832730e-01,-5.606284167293710263e-01,-1.762527339824156205e-07,2.416918975099097977e-01,-1.288655868937409714e-06,1.589004906567972606e-06,9.999999999979072296e-01,3.246984114547127875e-01
-5.608309040572958537e-01,8.279303696870371487e-01,-2.039823811129721420e-06,-2.476914219485669699e-01,-8.279303696885340624e-01,-5.608309040587659000e-01,-1.849011078236269257e-07,2.227936324262214107e-01,-1.297081474672438246e-06,1.585133826586187208e-06,9.999999999979025667e-01,3.246748547285380759e-01
-5.608963453406178301e-01,8.278860367099837303e-01,-2.042723052158846759e-06,-2.649681521559746344e-01,-8.278860367114799779e-01,-5.608963453420978684e-01,-1.888519013146597043e-07,1.984361588068045690e-01,-1.302103746606492560e-06,1.585215550492948566e-06,9.999999999978959053e-01,3.246510103292086225e-01
-5.589730132303806220e-01,8.291858479713597463e-01,-2.040772123400023804e-06,-2.831404473727897608e-01,-8.291858479728367870e-01,-5.589730132318782019e-01,-2.037400866763133948e-07,1.726884921886925606e-01,-1.309674939672988399e-06,1.578294153495500785e-06,9.999999999978970155e-01,3.246270925345800529e-01
-5.064567260605218335e-01,8.622653794650461112e-01,-2.014056597818982512e-06,-3.039852494237608727e-01,-8.622653794666420568e-01,-5.064567260617902633e-01,-1.415479810615830558e-07,1.426221841482274155e-01,-1.142084434237127837e-06,1.664963349516756034e-06,9.999999999979618526e-01,3.246029497049034984e-01
-4.248281684976880079e-01,9.052740067223024045e-01,-1.961533586441074885e-06,-3.207142420134995175e-01,-9.052740067240034882e-01,-4.248281684985896201e-01,-4.752509672971007745e-08,1.153054181612411799e-01,-8.763379557126020596e-07,1.755535369319861073e-06,9.999999999980752063e-01,3.245790140440699689e-01
-3.059920359714606852e-01,9.520340718265982716e-01,-1.818463935173560836e-06,-3.335082259377888381e-01,-9.520340718281683490e-01,-3.059920359719799365e-01,-7.454416274445003211e-09,8.962516560339470195e-02,-5.635323401442269295e-07,1.728958632663165976e-06,9.999999999983467669e-01,3.245552335469823468e-01
-1.556402283486621740e-01,9.878138080210303595e-01,-1.601864382949149796e-06,-3.489184235355741737e-01,-9.878138080222939044e-01,-1.556402283488877158e-01,-1.606530388957942136e-08,4.217075066668488081e-02,-2.651840673583359969e-07,1.579843348490419595e-06,9.999999999987170263e-01,3.245305380896969516e-01
-2.702110199179651520e-02,9.996348633601406242e-01,-1.449376873534512424e-06,-3.591819495782628824e-01,-9.996348633611912282e-01,-2.702110199181588512e-02,6.499737639245872223e-09,-3.360056652660822762e-02,-3.266639597747029009e-08,1.449023283008215252e-06,9.999999999989497290e-01,3.245304123463710333e-01
4.550727478335244575e-02,9.989640073295006362e-01,-1.405929042247190322e-06,-3.607198857378941526e-01,-9.989640073304839607e-01,4.550727478346620891e-02,4.927816360103273713e-08,-9.978161332692529750e-02,1.132071110363256513e-07,1.402229995133753661e-06,9.999999999990105692e-01,3.245050417134505150e-01
6.490285073173647501e-02,9.978915872804886567e-01,-1.311363763888740006e-06,-3.553338888420681241e-01,-9.978915872813466370e-01,6.490285073180089570e-02,6.859110103681901609e-09,-1.785381315655166778e-01,9.195589489145915595e-08,1.308153692050966154e-06,9.999999999991402433e-01,3.245051803386722056e-01
1.305311351911665474e-01,9.914442106057582693e-01,-1.424476461873013494e-06,-3.513378062144307812e-01,-9.914442106067310467e-01,1.305311351914860141e-01,1.334621462199653056e-07,-2.384470661283935589e-01,3.182588018266408779e-07,1.394867975818419918e-06,9.999999999989765964e-01,3.244800821262487367e-01
